[[0.62773, 0.05983, 0.05754, 0.0081, 0.0115, 0.05983, 0.02284, 0.0081, 0.05754, 0.02284, 0.01097, 0.00309, 0.00779, 0.0081, 0.00309, 0.0011, 0.0115, 0.0081, 0.00779, 0.0011, 0.00156], [0.23093, 0.16263, 0.1564, 0.02201, 0.03125, 0.05983, 0.06209, 0.0081, 0.05754, 0.06209, 0.02983, 0.0084, 0.00779, 0.0081, 0.0084, 0.00298, 0.03125, 0.02201, 0.02117, 0.00298, 0.00423], [0.08495, 0.05983, 0.42514, 0.05983, 0.08495, 0.02201, 0.06209, 0.02201, 0.02117, 0.02284, 0.02983, 0.02284, 0.02117, 0.00298, 0.0084, 0.00298, 0.0115, 0.0081, 0.00779, 0.0081, 0.0115], [0.03125, 0.02201, 0.1564, 0.16263, 0.23093, 0.0081, 0.06209, 0.05983, 0.00779, 0.0084, 0.02983, 0.06209, 0.05754, 0.00298, 0.0084, 0.0081, 0.00423, 0.00298, 0.02117, 0.02201, 0.03125], [0.0115, 0.0081, 0.05754, 0.05983, 0.62773, 0.0081, 0.02284, 0.05983, 0.00779, 0.00309, 0.01097, 0.02284, 0.05754, 0.0011, 0.00309, 0.0081, 0.00156, 0.0011, 0.00779, 0.0081, 0.0115], [0.23093, 0.05983, 0.05754, 0.0081, 0.03125, 0.16263, 0.06209, 0.02201, 0.1564, 0.06209, 0.02983, 0.0084, 0.02117, 0.02201, 0.0084, 0.00298, 0.03125, 0.0081, 0.00779, 0.00298, 0.00423], [0.08495, 0.02201, 0.1564, 0.02201, 0.08495, 0.05983, 0.16879, 0.05983, 0.05754, 0.02284, 0.08108, 0.02284, 0.05754, 0.0081, 0.02284, 0.0081, 0.0115, 0.0081, 0.02117, 0.0081, 0.0115], [0.03125, 0.0081, 0.05754, 0.05983, 0.23093, 0.02201, 0.06209, 0.16263, 0.02117, 0.0084, 0.02983, 0.06209, 0.1564, 0.00298, 0.0084, 0.02201, 0.00423, 0.00298, 0.00779, 0.0081, 0.03125], [0.08495, 0.02201, 0.02117, 0.00298, 0.0115, 0.05983, 0.02284, 0.0081, 0.42514, 0.06209, 0.02983, 0.0084, 0.00779, 0.05983, 0.02284, 0.0081, 0.08495, 0.02201, 0.02117, 0.00298, 0.0115], [0.08495, 0.05983, 0.05754, 0.0081, 0.0115, 0.02201, 0.02284, 0.0081, 0.1564, 0.16879, 0.08108, 0.02284, 0.02117, 0.02201, 0.02284, 0.0081, 0.08495, 0.05983, 0.05754, 0.0081, 0.0115], [0.03125, 0.02201, 0.05754, 0.02201, 0.03125, 0.02201, 0.06209, 0.02201, 0.05754, 0.06209, 0.22039, 0.06209, 0.05754, 0.02201, 0.06209, 0.02201, 0.03125, 0.02201, 0.05754, 0.02201, 0.03125], [0.0115, 0.0081, 0.05754, 0.05983, 0.08495, 0.0081, 0.02284, 0.02201, 0.02117, 0.02284, 0.08108, 0.16879, 0.1564, 0.0081, 0.02284, 0.02201, 0.0115, 0.0081, 0.05754, 0.05983, 0.08495], [0.0115, 0.00298, 0.02117, 0.02201, 0.08495, 0.0081, 0.02284, 0.05983, 0.00779, 0.0084, 0.02983, 0.06209, 0.42514, 0.0081, 0.02284, 0.05983, 0.0115, 0.00298, 0.02117, 0.02201, 0.08495], [0.03125, 0.0081, 0.00779, 0.00298, 0.00423, 0.02201, 0.0084, 0.00298, 0.1564, 0.06209, 0.02983, 0.0084, 0.02117, 0.16263, 0.06209, 0.02201, 0.23093, 0.05983, 0.05754, 0.0081, 0.03125], [0.0115, 0.0081, 0.02117, 0.0081, 0.0115, 0.0081, 0.02284, 0.0081, 0.05754, 0.02284, 0.08108, 0.02284, 0.05754, 0.05983, 0.16879, 0.05983, 0.08495, 0.02201, 0.1564, 0.02201, 0.08495], [0.00423, 0.00298, 0.00779, 0.0081, 0.03125, 0.00298, 0.0084, 0.02201, 0.02117, 0.0084, 0.02983, 0.06209, 0.1564, 0.02201, 0.06209, 0.16263, 0.03125, 0.0081, 0.05754, 0.05983, 0.23093], [0.0115, 0.0081, 0.00779, 0.0011, 0.00156, 0.0081, 0.00309, 0.0011, 0.05754, 0.02284, 0.01097, 0.00309, 0.00779, 0.05983, 0.02284, 0.0081, 0.62773, 0.05983, 0.05754, 0.0081, 0.0115], [0.03125, 0.02201, 0.02117, 0.00298, 0.00423, 0.0081, 0.0084, 0.00298, 0.05754, 0.06209, 0.02983, 0.0084, 0.00779, 0.05983, 0.06209, 0.0081, 0.23093, 0.16263, 0.1564, 0.02201, 0.03125], [0.0115, 0.0081, 0.00779, 0.0081, 0.0115, 0.00298, 0.0084, 0.00298, 0.02117, 0.02284, 0.02983, 0.02284, 0.02117, 0.02201, 0.06209, 0.02201, 0.08495, 0.05983, 0.42514, 0.05983, 0.08495], [0.00423, 0.00298, 0.02117, 0.02201, 0.03125, 0.00298, 0.0084, 0.0081, 0.00779, 0.0084, 0.02983, 0.06209, 0.05754, 0.0081, 0.06209, 0.05983, 0.03125, 0.02201, 0.1564, 0.16263, 0.23093], [0.00156, 0.0011, 0.00779, 0.0081, 0.0115, 0.0011, 0.00309, 0.0081, 0.00779, 0.00309, 0.01097, 0.02284, 0.05754, 0.0081, 0.02284, 0.05983, 0.0115, 0.0081, 0.05754, 0.05983, 0.62773]]