[[0.4726, 0.17462, 0.03061, 0.01192, 0.00867, 0.00867, 0.17462, 0.01201, 0.03061, 0.00918, 0.01192, 0.0043, 0.00867, 0.00316, 0.00867, 0.01201, 0.00918, 0.0043, 0.00316, 0.00116], [0.17386, 0.47467, 0.08321, 0.0324, 0.02356, 0.00867, 0.06424, 0.00442, 0.01126, 0.00338, 0.00438, 0.00158, 0.00867, 0.00116, 0.02356, 0.03263, 0.02494, 0.01168, 0.00858, 0.00316], [0.06396, 0.17462, 0.22618, 0.08806, 0.06403, 0.02356, 0.02363, 0.00442, 0.01126, 0.00338, 0.00438, 0.00158, 0.02356, 0.00316, 0.06403, 0.08871, 0.0678, 0.03175, 0.02333, 0.0086], [0.02353, 0.06424, 0.08321, 0.23938, 0.17405, 0.06403, 0.00869, 0.01201, 0.00414, 0.00918, 0.00161, 0.00158, 0.00867, 0.00858, 0.02356, 0.03263, 0.0678, 0.08632, 0.06341, 0.02338], [0.00866, 0.02363, 0.03061, 0.08806, 0.47313, 0.17406, 0.00869, 0.03263, 0.01126, 0.02494, 0.00438, 0.0043, 0.00319, 0.00316, 0.00867, 0.01201, 0.02494, 0.03175, 0.02333, 0.0086], [0.00866, 0.00869, 0.01126, 0.0324, 0.17405, 0.47314, 0.02363, 0.08871, 0.03061, 0.0678, 0.01192, 0.01168, 0.00867, 0.00858, 0.00319, 0.00442, 0.00918, 0.01168, 0.00858, 0.00316], [0.17386, 0.06424, 0.01126, 0.00438, 0.00867, 0.02356, 0.47467, 0.03263, 0.08321, 0.02494, 0.0324, 0.01168, 0.02356, 0.00858, 0.00867, 0.00442, 0.00338, 0.00158, 0.00116, 0.00316], [0.02353, 0.00869, 0.00414, 0.01192, 0.06403, 0.17406, 0.06424, 0.24114, 0.08321, 0.18429, 0.0324, 0.03175, 0.02356, 0.02333, 0.00867, 0.00162, 0.00338, 0.0043, 0.00316, 0.0086], [0.06396, 0.02363, 0.01126, 0.00438, 0.02356, 0.06403, 0.17462, 0.08871, 0.22618, 0.0678, 0.08806, 0.03175, 0.06403, 0.02333, 0.02356, 0.00442, 0.00338, 0.00158, 0.00316, 0.0086], [0.00866, 0.0032, 0.00152, 0.00438, 0.02356, 0.06403, 0.02363, 0.08871, 0.03061, 0.50094, 0.0324, 0.08632, 0.02356, 0.06341, 0.00867, 0.00162, 0.00124, 0.00158, 0.00858, 0.02338], [0.02353, 0.00869, 0.00414, 0.00161, 0.00867, 0.02356, 0.06424, 0.03263, 0.08321, 0.0678, 0.23938, 0.08632, 0.17405, 0.06341, 0.06403, 0.01201, 0.00918, 0.00158, 0.00858, 0.02338], [0.00866, 0.0032, 0.00152, 0.00161, 0.00867, 0.02356, 0.02363, 0.03263, 0.03061, 0.18429, 0.08806, 0.23464, 0.06403, 0.17236, 0.02356, 0.00442, 0.00338, 0.0043, 0.02333, 0.06356], [0.00866, 0.00869, 0.01126, 0.00438, 0.00319, 0.00867, 0.02363, 0.01201, 0.03061, 0.02494, 0.08806, 0.03175, 0.47313, 0.02333, 0.17406, 0.03263, 0.02494, 0.0043, 0.00316, 0.0086], [0.00318, 0.00118, 0.00152, 0.00438, 0.00319, 0.00867, 0.00869, 0.01201, 0.01126, 0.0678, 0.0324, 0.08632, 0.02356, 0.46852, 0.00867, 0.00162, 0.00918, 0.01168, 0.06341, 0.17278], [0.00866, 0.02363, 0.03061, 0.01192, 0.00867, 0.00319, 0.00869, 0.00442, 0.01126, 0.00918, 0.0324, 0.01168, 0.17405, 0.00858, 0.47314, 0.08871, 0.0678, 0.01168, 0.00858, 0.00316], [0.02353, 0.06424, 0.08321, 0.0324, 0.02356, 0.00867, 0.00869, 0.00162, 0.00414, 0.00338, 0.01192, 0.0043, 0.06403, 0.00316, 0.17406, 0.24114, 0.18429, 0.03175, 0.02333, 0.0086], [0.00866, 0.02363, 0.03061, 0.0324, 0.02356, 0.00867, 0.0032, 0.00162, 0.00152, 0.00124, 0.00438, 0.00158, 0.02356, 0.00858, 0.06403, 0.08871, 0.50094, 0.08632, 0.06341, 0.02338], [0.00866, 0.02363, 0.03061, 0.08806, 0.06403, 0.02356, 0.0032, 0.00442, 0.00152, 0.00338, 0.00161, 0.0043, 0.00867, 0.02333, 0.02356, 0.03263, 0.18429, 0.23464, 0.17236, 0.06356], [0.00318, 0.00869, 0.01126, 0.0324, 0.02356, 0.00867, 0.00118, 0.00162, 0.00152, 0.00918, 0.00438, 0.01168, 0.00319, 0.06341, 0.00867, 0.01201, 0.0678, 0.08632, 0.46852, 0.17278], [0.00117, 0.0032, 0.00414, 0.01192, 0.00867, 0.00319, 0.0032, 0.00442, 0.00414, 0.02494, 0.01192, 0.03175, 0.00867, 0.17236, 0.00319, 0.00442, 0.02494, 0.03175, 0.17236, 0.46966]]