[[0.62665, 0.1112, 0.03153, 0.00773, 0.00303, 0.1112, 0.01848, 0.00773, 0.03153, 0.01848, 0.00573, 0.00128, 0.00219, 0.00773, 0.00128, 0.00054, 0.00303, 0.00773, 0.00219, 0.00054, 0.00021], [0.16518, 0.42186, 0.11962, 0.02931, 0.01148, 0.02931, 0.01848, 0.00773, 0.03153, 0.07011, 0.02175, 0.00487, 0.00219, 0.00773, 0.00487, 0.00204, 0.01148, 0.02931, 0.00831, 0.00204, 0.0008], [0.04354, 0.1112, 0.4538, 0.1112, 0.04354, 0.02931, 0.07011, 0.02931, 0.00831, 0.01848, 0.02175, 0.01848, 0.00831, 0.00204, 0.00487, 0.00204, 0.00303, 0.00773, 0.00219, 0.00773, 0.00303], [0.01148, 0.02931, 0.11962, 0.42186, 0.16518, 0.00773, 0.01848, 0.02931, 0.00219, 0.00487, 0.02175, 0.07011, 0.03153, 0.00204, 0.00487, 0.00773, 0.0008, 0.00204, 0.00831, 0.02931, 0.01148], [0.00303, 0.00773, 0.03153, 0.1112, 0.62665, 0.00773, 0.01848, 0.1112, 0.00219, 0.00128, 0.00573, 0.01848, 0.03153, 0.00054, 0.00128, 0.00773, 0.00021, 0.00054, 0.00219, 0.00773, 0.00303], [0.16518, 0.02931, 0.03153, 0.00773, 0.01148, 0.42186, 0.07011, 0.02931, 0.11962, 0.01848, 0.02175, 0.00487, 0.00831, 0.02931, 0.00487, 0.00204, 0.01148, 0.00773, 0.00219, 0.00204, 0.0008], [0.04354, 0.02931, 0.11962, 0.02931, 0.04354, 0.1112, 0.26598, 0.1112, 0.03153, 0.01848, 0.08251, 0.01848, 0.03153, 0.00773, 0.01848, 0.00773, 0.00303, 0.00773, 0.00831, 0.00773, 0.00303], [0.01148, 0.00773, 0.03153, 0.02931, 0.16518, 0.02931, 0.07011, 0.42186, 0.00831, 0.00487, 0.02175, 0.01848, 0.11962, 0.00204, 0.00487, 0.02931, 0.0008, 0.00204, 0.00219, 0.00773, 0.01148], [0.04354, 0.02931, 0.00831, 0.00204, 0.00303, 0.1112, 0.01848, 0.00773, 0.4538, 0.07011, 0.02175, 0.00487, 0.00219, 0.1112, 0.01848, 0.00773, 0.04354, 0.02931, 0.00831, 0.00204, 0.00303], [0.04354, 0.1112, 0.03153, 0.00773, 0.00303, 0.02931, 0.01848, 0.00773, 0.11962, 0.26598, 0.08251, 0.01848, 0.00831, 0.02931, 0.01848, 0.00773, 0.04354, 0.1112, 0.03153, 0.00773, 0.00303], [0.01148, 0.02931, 0.03153, 0.02931, 0.01148, 0.02931, 0.07011, 0.02931, 0.03153, 0.07011, 0.31302, 0.07011, 0.03153, 0.02931, 0.07011, 0.02931, 0.01148, 0.02931, 0.03153, 0.02931, 0.01148], [0.00303, 0.00773, 0.03153, 0.1112, 0.04354, 0.00773, 0.01848, 0.02931, 0.00831, 0.01848, 0.08251, 0.26598, 0.11962, 0.00773, 0.01848, 0.02931, 0.00303, 0.00773, 0.03153, 0.1112, 0.04354], [0.00303, 0.00204, 0.00831, 0.02931, 0.04354, 0.00773, 0.01848, 0.1112, 0.00219, 0.00487, 0.02175, 0.07011, 0.4538, 0.00773, 0.01848, 0.1112, 0.00303, 0.00204, 0.00831, 0.02931, 0.04354], [0.01148, 0.00773, 0.00219, 0.00204, 0.0008, 0.02931, 0.00487, 0.00204, 0.11962, 0.01848, 0.02175, 0.00487, 0.00831, 0.42186, 0.07011, 0.02931, 0.16518, 0.02931, 0.03153, 0.00773, 0.01148], [0.00303, 0.00773, 0.00831, 0.00773, 0.00303, 0.00773, 0.01848, 0.00773, 0.03153, 0.01848, 0.08251, 0.01848, 0.03153, 0.1112, 0.26598, 0.1112, 0.04354, 0.02931, 0.11962, 0.02931, 0.04354], [0.0008, 0.00204, 0.00219, 0.00773, 0.01148, 0.00204, 0.00487, 0.02931, 0.00831, 0.00487, 0.02175, 0.01848, 0.11962, 0.02931, 0.07011, 0.42186, 0.01148, 0.00773, 0.03153, 0.02931, 0.16518], [0.00303, 0.00773, 0.00219, 0.00054, 0.00021, 0.00773, 0.00128, 0.00054, 0.03153, 0.01848, 0.00573, 0.00128, 0.00219, 0.1112, 0.01848, 0.00773, 0.62665, 0.1112, 0.03153, 0.00773, 0.00303], [0.01148, 0.02931, 0.00831, 0.00204, 0.0008, 0.00773, 0.00487, 0.00204, 0.03153, 0.07011, 0.02175, 0.00487, 0.00219, 0.02931, 0.01848, 0.00773, 0.16518, 0.42186, 0.11962, 0.02931, 0.01148], [0.00303, 0.00773, 0.00219, 0.00773, 0.00303, 0.00204, 0.00487, 0.00204, 0.00831, 0.01848, 0.02175, 0.01848, 0.00831, 0.02931, 0.07011, 0.02931, 0.04354, 0.1112, 0.4538, 0.1112, 0.04354], [0.0008, 0.00204, 0.00831, 0.02931, 0.01148, 0.00204, 0.00487, 0.00773, 0.00219, 0.00487, 0.02175, 0.07011, 0.03153, 0.00773, 0.01848, 0.02931, 0.01148, 0.02931, 0.11962, 0.42186, 0.16518], [0.00021, 0.00054, 0.00219, 0.00773, 0.00303, 0.00054, 0.00128, 0.00773, 0.00219, 0.00128, 0.00573, 0.01848, 0.03153, 0.00773, 0.01848, 0.1112, 0.00303, 0.00773, 0.03153, 0.1112, 0.62665]]