[[0.52388, 0.11073, 0.04073, 0.02608, 0.11073, 0.04073, 0.04073, 0.01499, 0.02608, 0.04073, 0.01499, 0.0096], [0.19272, 0.30099, 0.11073, 0.0709, 0.04073, 0.01499, 0.01499, 0.00551, 0.0709, 0.11073, 0.04073, 0.02608], [0.0709, 0.11073, 0.30099, 0.19272, 0.01499, 0.04073, 0.00551, 0.01499, 0.02608, 0.04073, 0.11073, 0.0709], [0.02608, 0.04073, 0.11073, 0.52388, 0.04073, 0.11073, 0.01499, 0.04073, 0.0096, 0.01499, 0.04073, 0.02608], [0.19272, 0.04073, 0.01499, 0.0709, 0.30099, 0.11073, 0.11073, 0.04073, 0.0709, 0.01499, 0.00551, 0.02608], [0.0709, 0.01499, 0.04073, 0.19272, 0.11073, 0.30099, 0.04073, 0.11073, 0.02608, 0.00551, 0.01499, 0.0709], [0.0709, 0.01499, 0.00551, 0.02608, 0.11073, 0.04073, 0.30099, 0.11073, 0.19272, 0.04073, 0.01499, 0.0709], [0.02608, 0.00551, 0.01499, 0.0709, 0.04073, 0.11073, 0.11073, 0.30099, 0.0709, 0.01499, 0.04073, 0.19272], [0.02608, 0.04073, 0.01499, 0.0096, 0.04073, 0.01499, 0.11073, 0.04073, 0.52388, 0.11073, 0.04073, 0.02608], [0.0709, 0.11073, 0.04073, 0.02608, 0.01499, 0.00551, 0.04073, 0.01499, 0.19272, 0.30099, 0.11073, 0.0709], [0.02608, 0.04073, 0.11073, 0.0709, 0.00551, 0.01499, 0.01499, 0.04073, 0.0709, 0.11073, 0.30099, 0.19272], [0.0096, 0.01499, 0.04073, 0.02608, 0.01499, 0.04073, 0.04073, 0.11073, 0.02608, 0.04073, 0.11073, 0.52388]]