[[0.80996, 0.08271, 0.01087, 0.00111, 0.00013, 2e-05, 0.08271, 2e-05, 0.01087, 2e-05, 0.00111, 0.00013, 0.00013, 2e-05, 2e-05, 2e-05, 2e-05, 0.00013, 2e-05, 0], [0.09502, 0.70501, 0.09269, 0.00943, 0.00114, 0.00015, 0.08271, 0.00013, 0.01087, 2e-05, 0.00111, 0.00013, 0.00013, 2e-05, 2e-05, 2e-05, 0.00015, 0.00111, 0.00013, 2e-05], [0.01115, 0.08271, 0.79003, 0.08038, 0.00971, 0.00131, 0.0097, 0.00114, 0.00128, 0.00015, 0.00013, 2e-05, 2e-05, 0.00013, 2e-05, 0.00013, 0.00128, 0.00943, 0.00114, 0.00015], [0.00131, 0.0097, 0.09269, 0.68516, 0.08273, 0.01115, 0.00114, 0.00971, 0.00015, 0.00128, 2e-05, 0.00013, 0.00013, 0.00114, 0.00015, 0.00114, 0.01088, 0.0804, 0.00971, 0.00131], [0.00015, 0.00114, 0.01087, 0.08038, 0.70514, 0.09503, 0.00013, 0.08273, 2e-05, 0.01088, 0.00013, 0.00111, 2e-05, 0.00013, 2e-05, 0.00013, 0.00128, 0.00943, 0.00114, 0.00015], [2e-05, 0.00013, 0.00128, 0.00943, 0.08273, 0.80997, 2e-05, 0.08273, 2e-05, 0.01088, 0.00013, 0.00111, 2e-05, 0.00013, 0, 2e-05, 0.00015, 0.00111, 0.00013, 2e-05], [0.09502, 0.08271, 0.01087, 0.00111, 0.00013, 2e-05, 0.70501, 2e-05, 0.09269, 0.00015, 0.00943, 0.00111, 0.00114, 0.00013, 0.00015, 0.00013, 2e-05, 0.00013, 2e-05, 2e-05], [2e-05, 0.00013, 0.00128, 0.00943, 0.08273, 0.09503, 2e-05, 0.70514, 0.00015, 0.0927, 0.00111, 0.00943, 0.00013, 0.00114, 2e-05, 2e-05, 0.00015, 0.00111, 0.00013, 0.00015], [0.01115, 0.0097, 0.00128, 0.00013, 2e-05, 2e-05, 0.08271, 0.00013, 0.79003, 0.00128, 0.08038, 0.00943, 0.00971, 0.00114, 0.00131, 0.00114, 0.00015, 2e-05, 0.00013, 0.00015], [2e-05, 2e-05, 0.00015, 0.00111, 0.00971, 0.01115, 0.00013, 0.08273, 0.00128, 0.79016, 0.00943, 0.0804, 0.00114, 0.00971, 0.00015, 0.00013, 2e-05, 0.00013, 0.00114, 0.00131], [0.00131, 0.00114, 0.00015, 2e-05, 0.00013, 0.00015, 0.0097, 0.00114, 0.09269, 0.01088, 0.68516, 0.0804, 0.08273, 0.00971, 0.01115, 0.00971, 0.00128, 0.00013, 0.00114, 0.00131], [0.00015, 0.00013, 2e-05, 0.00013, 0.00114, 0.00131, 0.00114, 0.00971, 0.01087, 0.0927, 0.08038, 0.68531, 0.00971, 0.08274, 0.00131, 0.00114, 0.00015, 0.00111, 0.00971, 0.01115], [0.00015, 0.00013, 2e-05, 0.00013, 2e-05, 2e-05, 0.00114, 0.00013, 0.01087, 0.00128, 0.08038, 0.00943, 0.70514, 0.00114, 0.09503, 0.08273, 0.01088, 0.00111, 0.00013, 0.00015], [2e-05, 2e-05, 0.00015, 0.00111, 0.00013, 0.00015, 0.00013, 0.00114, 0.00128, 0.01088, 0.00943, 0.0804, 0.00114, 0.70527, 0.00015, 0.00013, 0.00128, 0.00943, 0.08274, 0.09503], [2e-05, 2e-05, 2e-05, 0.00013, 2e-05, 0, 0.00013, 2e-05, 0.00128, 0.00015, 0.00943, 0.00111, 0.08273, 0.00013, 0.80997, 0.08273, 0.01088, 0.00111, 0.00013, 2e-05], [2e-05, 2e-05, 0.00015, 0.00111, 0.00013, 2e-05, 0.00013, 2e-05, 0.00128, 0.00015, 0.00943, 0.00111, 0.08273, 0.00013, 0.09503, 0.70514, 0.0927, 0.00943, 0.00114, 0.00015], [2e-05, 0.00013, 0.00128, 0.00943, 0.00114, 0.00015, 2e-05, 0.00013, 0.00015, 2e-05, 0.00111, 0.00013, 0.00971, 0.00114, 0.01115, 0.08273, 0.79016, 0.0804, 0.00971, 0.00131], [0.00015, 0.00114, 0.01087, 0.08038, 0.00971, 0.00131, 0.00013, 0.00114, 2e-05, 0.00015, 0.00013, 0.00111, 0.00114, 0.00971, 0.00131, 0.00971, 0.0927, 0.68531, 0.08274, 0.01115], [2e-05, 0.00013, 0.00128, 0.00943, 0.00114, 0.00015, 2e-05, 0.00013, 0.00015, 0.00128, 0.00111, 0.00943, 0.00013, 0.08274, 0.00015, 0.00114, 0.01088, 0.0804, 0.70527, 0.09503], [0, 2e-05, 0.00015, 0.00111, 0.00013, 2e-05, 2e-05, 0.00013, 0.00015, 0.00128, 0.00111, 0.00943, 0.00013, 0.08274, 2e-05, 0.00013, 0.00128, 0.00943, 0.08274, 0.80998]]