[[0.964027576605073, 0.017656780971880046, 0.0003233952242184279, 5.923190145125949e-06, 1.0848701176743592e-07, 1.9870089316502126e-09, 0.017656780971880046, 1.3319319185369988e-09, 0.0003233952242184279, 4.2597716331241573e-10, 5.923190145125949e-06, 7.183599959973765e-11, 1.0848701176743592e-07, 7.202194257541483e-12, 1.9870089316502126e-09, 1.3319319185369988e-09, 4.2597716331241573e-10, 7.183599959973765e-11, 7.202194257541483e-12, 5.037806809745952e-13], [0.017601206681668553, 0.9609933231701204, 0.017601206681668553, 0.00032237734558741653, 5.904547047687785e-06, 1.0814555152699102e-07, 0.003346675487008527, 6.559359271265245e-08, 0.0001259295646754387, 1.6501941144640113e-08, 3.1134229256515167e-06, 1.9807548691913633e-09, 6.559359271265245e-08, 1.4420462503651382e-10, 1.3277396951016733e-09, 1.9807548691913633e-09, 1.3277396951016733e-09, 4.2463641051409454e-10, 7.160989753188358e-11, 7.179525525655099e-12], [0.00032335121207604703, 0.017654377990327052, 0.9638963782577158, 0.017654377990327052, 0.00032335121207604703, 5.9223840346193816e-06, 0.00012630998403382064, 3.1228282337283024e-06, 1.1690061967652311e-05, 5.266279675740018e-07, 5.266279675740018e-07, 4.071083834349067e-08, 1.655179169306756e-08, 1.9867385117012995e-09, 4.259191903859199e-10, 1.3317506506243945e-09, 1.9867385117012995e-09, 1.3317506506243945e-09, 4.259191903859199e-10, 7.182622315282165e-11], [5.9223840346193816e-06, 0.00032335121207604703, 0.017654377990327052, 0.9638963782577158, 0.017654377990327052, 0.00032335121207604703, 3.1228282337283024e-06, 0.00012630998403382064, 5.266279675740018e-07, 1.1690061967652311e-05, 4.071083834349067e-08, 5.266279675740018e-07, 1.9867385117012995e-09, 1.655179169306756e-08, 7.182622315282165e-11, 4.259191903859199e-10, 1.3317506506243945e-09, 1.9867385117012995e-09, 1.3317506506243945e-09, 4.259191903859199e-10], [1.0814555152699102e-07, 5.904547047687785e-06, 0.00032237734558741653, 0.017601206681668553, 0.9609933231701204, 0.017601206681668553, 6.559359271265245e-08, 0.003346675487008527, 1.6501941144640113e-08, 0.0001259295646754387, 1.9807548691913633e-09, 3.1134229256515167e-06, 1.4420462503651382e-10, 6.559359271265245e-08, 7.179525525655099e-12, 7.160989753188358e-11, 4.2463641051409454e-10, 1.3277396951016733e-09, 1.9807548691913633e-09, 1.3277396951016733e-09], [1.9870089316502126e-09, 1.0848701176743592e-07, 5.923190145125949e-06, 0.0003233952242184279, 0.017656780971880046, 0.964027576605073, 1.3319319185369988e-09, 0.017656780971880046, 4.2597716331241573e-10, 0.0003233952242184279, 7.183599959973765e-11, 5.923190145125949e-06, 7.202194257541483e-12, 1.0848701176743592e-07, 5.037806809745952e-13, 7.202194257541483e-12, 7.183599959973765e-11, 4.2597716331241573e-10, 1.3319319185369988e-09, 1.9870089316502126e-09], [0.017601206681668553, 0.003346675487008527, 0.0001259295646754387, 3.1134229256515167e-06, 6.559359271265245e-08, 1.3277396951016733e-09, 0.9609933231701204, 1.9807548691913633e-09, 0.017601206681668553, 1.3277396951016733e-09, 0.00032237734558741653, 4.2463641051409454e-10, 5.904547047687785e-06, 7.160989753188358e-11, 1.0814555152699102e-07, 6.559359271265245e-08, 1.6501941144640113e-08, 1.9807548691913633e-09, 1.4420462503651382e-10, 7.179525525655099e-12], [1.3277396951016733e-09, 6.559359271265245e-08, 3.1134229256515167e-06, 0.0001259295646754387, 0.003346675487008527, 0.017601206681668553, 1.9807548691913633e-09, 0.9609933231701204, 1.3277396951016733e-09, 0.017601206681668553, 4.2463641051409454e-10, 0.00032237734558741653, 7.160989753188358e-11, 5.904547047687785e-06, 7.179525525655099e-12, 1.4420462503651382e-10, 1.9807548691913633e-09, 1.6501941144640113e-08, 6.559359271265245e-08, 1.0814555152699102e-07], [0.0003233512120760471, 0.00012630998403382064, 1.1690061967652313e-05, 5.266279675740019e-07, 1.655179169306756e-08, 4.2591919038591995e-10, 0.017654377990327055, 1.3317506506243945e-09, 0.9638963782577159, 1.9867385117012995e-09, 0.017654377990327055, 1.3317506506243945e-09, 0.0003233512120760471, 4.2591919038591995e-10, 5.922384034619382e-06, 3.122828233728303e-06, 5.266279675740019e-07, 4.0710838343490675e-08, 1.9867385117012995e-09, 7.182622315282167e-11], [4.259191903859199e-10, 1.655179169306756e-08, 5.266279675740018e-07, 1.1690061967652311e-05, 0.00012630998403382064, 0.00032335121207604703, 1.3317506506243945e-09, 0.017654377990327052, 1.9867385117012995e-09, 0.9638963782577158, 1.3317506506243945e-09, 0.017654377990327052, 4.259191903859199e-10, 0.00032335121207604703, 7.182622315282165e-11, 1.9867385117012995e-09, 4.071083834349067e-08, 5.266279675740018e-07, 3.1228282337283024e-06, 5.9223840346193816e-06], [5.922384034619381e-06, 3.122828233728302e-06, 5.266279675740017e-07, 4.071083834349066e-08, 1.986738511701299e-09, 7.182622315282164e-11, 0.000323351212076047, 4.2591919038591985e-10, 0.017654377990327052, 1.3317506506243943e-09, 0.9638963782577157, 1.986738511701299e-09, 0.017654377990327052, 1.3317506506243943e-09, 0.000323351212076047, 0.00012630998403382061, 1.169006196765231e-05, 5.266279675740017e-07, 1.6551791693067558e-08, 4.2591919038591985e-10], [7.182622315282164e-11, 1.986738511701299e-09, 4.071083834349066e-08, 5.266279675740017e-07, 3.122828233728302e-06, 5.922384034619381e-06, 4.2591919038591985e-10, 0.000323351212076047, 1.3317506506243943e-09, 0.017654377990327052, 1.986738511701299e-09, 0.9638963782577157, 1.3317506506243943e-09, 0.017654377990327052, 4.2591919038591985e-10, 1.6551791693067558e-08, 5.266279675740017e-07, 1.169006196765231e-05, 0.00012630998403382061, 0.000323351212076047], [1.0814555152699103e-07, 6.559359271265247e-08, 1.6501941144640113e-08, 1.9807548691913637e-09, 1.4420462503651385e-10, 7.179525525655101e-12, 5.904547047687786e-06, 7.160989753188358e-11, 0.00032237734558741653, 4.246364105140946e-10, 0.017601206681668556, 1.3277396951016735e-09, 0.9609933231701205, 1.9807548691913637e-09, 0.017601206681668556, 0.0033466754870085276, 0.0001259295646754387, 3.113422925651517e-06, 6.559359271265247e-08, 1.3277396951016735e-09], [7.179525525655101e-12, 1.4420462503651385e-10, 1.9807548691913637e-09, 1.6501941144640113e-08, 6.559359271265247e-08, 1.0814555152699103e-07, 7.160989753188358e-11, 5.904547047687786e-06, 4.246364105140946e-10, 0.00032237734558741653, 1.3277396951016735e-09, 0.017601206681668556, 1.9807548691913637e-09, 0.9609933231701205, 1.3277396951016735e-09, 6.559359271265247e-08, 3.113422925651517e-06, 0.0001259295646754387, 0.0033466754870085276, 0.017601206681668556], [1.9870089316502126e-09, 1.331931918536999e-09, 4.259771633124158e-10, 7.183599959973765e-11, 7.202194257541485e-12, 5.037806809745953e-13, 1.0848701176743594e-07, 7.202194257541485e-12, 5.92319014512595e-06, 7.183599959973765e-11, 0.000323395224218428, 4.259771633124158e-10, 0.01765678097188005, 1.331931918536999e-09, 0.9640275766050731, 0.01765678097188005, 0.000323395224218428, 5.92319014512595e-06, 1.0848701176743594e-07, 1.9870089316502126e-09], [1.3277396951016735e-09, 1.9807548691913637e-09, 1.3277396951016735e-09, 4.246364105140946e-10, 7.160989753188358e-11, 7.179525525655101e-12, 6.559359271265247e-08, 1.4420462503651385e-10, 3.113422925651517e-06, 1.9807548691913637e-09, 0.0001259295646754387, 1.6501941144640113e-08, 0.0033466754870085276, 6.559359271265247e-08, 0.017601206681668556, 0.9609933231701205, 0.017601206681668556, 0.00032237734558741653, 5.904547047687786e-06, 1.0814555152699103e-07], [4.259191903859199e-10, 1.3317506506243945e-09, 1.9867385117012995e-09, 1.3317506506243945e-09, 4.259191903859199e-10, 7.182622315282165e-11, 1.655179169306756e-08, 1.9867385117012995e-09, 5.266279675740018e-07, 4.071083834349067e-08, 1.1690061967652311e-05, 5.266279675740018e-07, 0.00012630998403382064, 3.1228282337283024e-06, 0.00032335121207604703, 0.017654377990327052, 0.9638963782577158, 0.017654377990327052, 0.00032335121207604703, 5.9223840346193816e-06], [7.182622315282165e-11, 4.259191903859199e-10, 1.3317506506243945e-09, 1.9867385117012995e-09, 1.3317506506243945e-09, 4.259191903859199e-10, 1.9867385117012995e-09, 1.655179169306756e-08, 4.071083834349067e-08, 5.266279675740018e-07, 5.266279675740018e-07, 1.1690061967652311e-05, 3.1228282337283024e-06, 0.00012630998403382064, 5.9223840346193816e-06, 0.00032335121207604703, 0.017654377990327052, 0.9638963782577158, 0.017654377990327052, 0.00032335121207604703], [7.179525525655101e-12, 7.160989753188358e-11, 4.246364105140946e-10, 1.3277396951016735e-09, 1.9807548691913637e-09, 1.3277396951016735e-09, 1.4420462503651385e-10, 6.559359271265247e-08, 1.9807548691913637e-09, 3.113422925651517e-06, 1.6501941144640113e-08, 0.0001259295646754387, 6.559359271265247e-08, 0.0033466754870085276, 1.0814555152699103e-07, 5.904547047687786e-06, 0.00032237734558741653, 0.017601206681668556, 0.9609933231701205, 0.017601206681668556], [5.037806809745953e-13, 7.202194257541485e-12, 7.183599959973765e-11, 4.259771633124158e-10, 1.331931918536999e-09, 1.9870089316502126e-09, 7.202194257541485e-12, 1.0848701176743594e-07, 7.183599959973765e-11, 5.92319014512595e-06, 4.259771633124158e-10, 0.000323395224218428, 1.331931918536999e-09, 0.01765678097188005, 1.9870089316502126e-09, 1.0848701176743594e-07, 5.92319014512595e-06, 0.000323395224218428, 0.01765678097188005, 0.9640275766050731]]