[[0.9354089970188912, 0.031217656980829362, 0.0010418352939500742, 3.476945051919156e-05, 1.1603702585491794e-06, 3.8725349892495164e-08, 0.031217656980829362, 2.7563554792076303e-08, 0.0010418352939500742, 1.045933019378125e-08, 3.476945051919156e-05, 2.3036490785473753e-09, 1.1603702585491794e-06, 3.2611487629148327e-10, 3.8725349892495164e-08, 2.7563554792076303e-08, 1.045933019378125e-08, 2.3036490785473753e-09, 3.2611487629148327e-10, 3.399623219078217e-11], [0.030999829933529784, 0.9288820055805777, 0.030999829933529784, 0.0010345656930958846, 3.452684016738087e-05, 1.1522735577830316e-06, 0.0075608356398520205, 7.533216362826169e-07, 0.00046532542402884285, 2.3310576472227523e-07, 2.004013469370951e-05, 3.8455136512038537e-08, 7.533216362826169e-07, 4.147444147390206e-09, 2.7371224927053916e-08, 3.8455136512038537e-08, 2.7371224927053916e-08, 1.0386348258774347e-08, 2.287574935728056e-09, 3.238393486749596e-10], [0.001041290399961343, 0.031201329722835795, 0.9349197654268724, 0.031201329722835795, 0.001041290399961343, 3.475126562500587e-05, 0.00046835005271556756, 2.017039614763055e-05, 6.194308578309458e-05, 4.442494274351476e-06, 4.442494274351476e-06, 5.041991208974984e-07, 2.3462095892102633e-07, 3.870509600928496e-08, 1.0453859822234192e-08, 2.754913867908658e-08, 3.870509600928496e-08, 2.754913867908658e-08, 1.0453859822234192e-08, 2.3024442388358244e-09], [3.475126562500587e-05, 0.001041290399961343, 0.031201329722835795, 0.9349197654268724, 0.031201329722835795, 0.001041290399961343, 2.017039614763055e-05, 0.00046835005271556756, 4.442494274351476e-06, 6.194308578309458e-05, 5.041991208974984e-07, 4.442494274351476e-06, 3.870509600928496e-08, 2.3462095892102633e-07, 2.3024442388358244e-09, 1.0453859822234192e-08, 2.754913867908658e-08, 3.870509600928496e-08, 2.754913867908658e-08, 1.0453859822234192e-08], [1.1522735577830318e-06, 3.452684016738088e-05, 0.0010345656930958848, 0.030999829933529788, 0.9288820055805778, 0.030999829933529788, 7.53321636282617e-07, 0.007560835639852021, 2.3310576472227525e-07, 0.0004653254240288429, 3.845513651203854e-08, 2.0040134693709512e-05, 4.147444147390207e-09, 7.53321636282617e-07, 3.2383934867495963e-10, 2.2875749357280566e-09, 1.0386348258774349e-08, 2.737122492705392e-08, 3.845513651203854e-08, 2.737122492705392e-08], [3.872534989249517e-08, 1.1603702585491796e-06, 3.476945051919156e-05, 0.0010418352939500744, 0.031217656980829366, 0.9354089970188915, 2.7563554792076306e-08, 0.031217656980829366, 1.0459330193781252e-08, 0.0010418352939500744, 2.3036490785473758e-09, 3.476945051919156e-05, 3.261148762914833e-10, 1.1603702585491796e-06, 3.399623219078217e-11, 3.261148762914833e-10, 2.3036490785473758e-09, 1.0459330193781252e-08, 2.7563554792076306e-08, 3.872534989249517e-08], [0.030999829933529784, 0.0075608356398520205, 0.00046532542402884285, 2.004013469370951e-05, 7.533216362826169e-07, 2.7371224927053916e-08, 0.9288820055805777, 3.8455136512038537e-08, 0.030999829933529784, 2.7371224927053916e-08, 0.0010345656930958846, 1.0386348258774347e-08, 3.452684016738087e-05, 2.287574935728056e-09, 1.1522735577830316e-06, 7.533216362826169e-07, 2.3310576472227523e-07, 3.8455136512038537e-08, 4.147444147390206e-09, 3.238393486749596e-10], [2.7371224927053916e-08, 7.533216362826169e-07, 2.004013469370951e-05, 0.00046532542402884285, 0.0075608356398520205, 0.030999829933529784, 3.8455136512038537e-08, 0.9288820055805777, 2.7371224927053916e-08, 0.030999829933529784, 1.0386348258774347e-08, 0.0010345656930958846, 2.287574935728056e-09, 3.452684016738087e-05, 3.238393486749596e-10, 4.147444147390206e-09, 3.8455136512038537e-08, 2.3310576472227523e-07, 7.533216362826169e-07, 1.1522735577830316e-06], [0.0010412903999613432, 0.0004683500527155676, 6.194308578309458e-05, 4.442494274351477e-06, 2.3462095892102636e-07, 1.0453859822234193e-08, 0.0312013297228358, 2.7549138679086585e-08, 0.9349197654268725, 3.870509600928497e-08, 0.0312013297228358, 2.7549138679086585e-08, 0.0010412903999613432, 1.0453859822234193e-08, 3.475126562500588e-05, 2.0170396147630553e-05, 4.442494274351477e-06, 5.041991208974984e-07, 3.870509600928497e-08, 2.3024442388358244e-09], [1.0453859822234193e-08, 2.3462095892102636e-07, 4.442494274351477e-06, 6.194308578309458e-05, 0.0004683500527155676, 0.0010412903999613432, 2.7549138679086585e-08, 0.0312013297228358, 3.870509600928497e-08, 0.9349197654268725, 2.7549138679086585e-08, 0.0312013297228358, 1.0453859822234193e-08, 0.0010412903999613432, 2.3024442388358244e-09, 3.870509600928497e-08, 5.041991208974984e-07, 4.442494274351477e-06, 2.0170396147630553e-05, 3.475126562500588e-05], [3.475126562500587e-05, 2.017039614763055e-05, 4.442494274351476e-06, 5.041991208974984e-07, 3.870509600928496e-08, 2.3024442388358244e-09, 0.001041290399961343, 1.0453859822234192e-08, 0.031201329722835795, 2.754913867908658e-08, 0.9349197654268724, 3.870509600928496e-08, 0.031201329722835795, 2.754913867908658e-08, 0.001041290399961343, 0.00046835005271556756, 6.194308578309458e-05, 4.442494274351476e-06, 2.3462095892102633e-07, 1.0453859822234192e-08], [2.3024442388358244e-09, 3.870509600928496e-08, 5.041991208974984e-07, 4.442494274351476e-06, 2.017039614763055e-05, 3.475126562500587e-05, 1.0453859822234192e-08, 0.001041290399961343, 2.754913867908658e-08, 0.031201329722835795, 3.870509600928496e-08, 0.9349197654268724, 2.754913867908658e-08, 0.031201329722835795, 1.0453859822234192e-08, 2.3462095892102633e-07, 4.442494274351476e-06, 6.194308578309458e-05, 0.00046835005271556756, 0.001041290399961343], [1.152273557783032e-06, 7.533216362826171e-07, 2.3310576472227528e-07, 3.845513651203855e-08, 4.147444147390207e-09, 3.238393486749597e-10, 3.4526840167380885e-05, 2.2875749357280566e-09, 0.001034565693095885, 1.038634825877435e-08, 0.03099982993352979, 2.7371224927053923e-08, 0.9288820055805779, 3.845513651203855e-08, 0.03099982993352979, 0.007560835639852022, 0.00046532542402884296, 2.0040134693709516e-05, 7.533216362826171e-07, 2.7371224927053923e-08], [3.238393486749597e-10, 4.147444147390207e-09, 3.845513651203855e-08, 2.3310576472227528e-07, 7.533216362826171e-07, 1.152273557783032e-06, 2.2875749357280566e-09, 3.4526840167380885e-05, 1.038634825877435e-08, 0.001034565693095885, 2.7371224927053923e-08, 0.03099982993352979, 3.845513651203855e-08, 0.9288820055805779, 2.7371224927053923e-08, 7.533216362826171e-07, 2.0040134693709516e-05, 0.00046532542402884296, 0.007560835639852022, 0.03099982993352979], [3.872534989249518e-08, 2.7563554792076316e-08, 1.0459330193781255e-08, 2.303649078547376e-09, 3.261148762914834e-10, 3.3996232190782185e-11, 1.1603702585491798e-06, 3.261148762914834e-10, 3.476945051919157e-05, 2.303649078547376e-09, 0.0010418352939500746, 1.0459330193781255e-08, 0.031217656980829376, 2.7563554792076316e-08, 0.9354089970188917, 0.031217656980829376, 0.0010418352939500746, 3.476945051919157e-05, 1.1603702585491798e-06, 3.872534989249518e-08], [2.737122492705392e-08, 3.845513651203854e-08, 2.737122492705392e-08, 1.0386348258774349e-08, 2.2875749357280566e-09, 3.2383934867495963e-10, 7.53321636282617e-07, 4.147444147390207e-09, 2.0040134693709512e-05, 3.845513651203854e-08, 0.0004653254240288429, 2.3310576472227525e-07, 0.007560835639852021, 7.53321636282617e-07, 0.030999829933529788, 0.9288820055805778, 0.030999829933529788, 0.0010345656930958848, 3.452684016738088e-05, 1.1522735577830318e-06], [1.0453859822234193e-08, 2.7549138679086585e-08, 3.870509600928497e-08, 2.7549138679086585e-08, 1.0453859822234193e-08, 2.3024442388358244e-09, 2.3462095892102636e-07, 3.870509600928497e-08, 4.442494274351477e-06, 5.041991208974984e-07, 6.194308578309458e-05, 4.442494274351477e-06, 0.0004683500527155676, 2.0170396147630553e-05, 0.0010412903999613432, 0.0312013297228358, 0.9349197654268725, 0.0312013297228358, 0.0010412903999613432, 3.475126562500588e-05], [2.3024442388358244e-09, 1.0453859822234193e-08, 2.7549138679086585e-08, 3.870509600928497e-08, 2.7549138679086585e-08, 1.0453859822234193e-08, 3.870509600928497e-08, 2.3462095892102636e-07, 5.041991208974984e-07, 4.442494274351477e-06, 4.442494274351477e-06, 6.194308578309458e-05, 2.0170396147630553e-05, 0.0004683500527155676, 3.475126562500588e-05, 0.0010412903999613432, 0.0312013297228358, 0.9349197654268725, 0.0312013297228358, 0.0010412903999613432], [3.238393486749597e-10, 2.2875749357280566e-09, 1.038634825877435e-08, 2.7371224927053923e-08, 3.845513651203855e-08, 2.7371224927053923e-08, 4.147444147390207e-09, 7.533216362826171e-07, 3.845513651203855e-08, 2.0040134693709516e-05, 2.3310576472227528e-07, 0.00046532542402884296, 7.533216362826171e-07, 0.007560835639852022, 1.152273557783032e-06, 3.4526840167380885e-05, 0.001034565693095885, 0.03099982993352979, 0.9288820055805779, 0.03099982993352979], [3.3996232190782185e-11, 3.261148762914834e-10, 2.303649078547376e-09, 1.0459330193781255e-08, 2.7563554792076316e-08, 3.872534989249518e-08, 3.261148762914834e-10, 1.1603702585491798e-06, 2.303649078547376e-09, 3.476945051919157e-05, 1.0459330193781255e-08, 0.0010418352939500746, 2.7563554792076316e-08, 0.031217656980829376, 3.872534989249518e-08, 1.1603702585491798e-06, 3.476945051919157e-05, 0.0010418352939500746, 0.031217656980829376, 0.9354089970188917]]