[[0.7615212975089243, 0.10306070048908308, 0.013947749091253767, 0.0018876225737780362, 0.00025546193566607436, 3.457301341954151e-05, 0.10306070048908308, 2.8305989313156415e-05, 0.013947749091253767, 1.6007757024147187e-05, 0.0018876225737780362, 6.573677510627805e-06, 0.00025546193566607436, 2.0814680099049245e-06, 3.457301341954151e-05, 2.8305989313156415e-05, 1.6007757024147187e-05, 6.573677510627805e-06, 2.0814680099049245e-06, 5.505009587428493e-07], [0.09915225779836034, 0.7326415952077184, 0.09915225779836034, 0.013418798892690736, 0.001816036948837446, 0.0002457738748390697, 0.04323527125014394, 0.00019140888618316093, 0.008386779745561115, 9.600611671606193e-05, 0.0013187134816885547, 3.32618769635053e-05, 0.00019140888618316093, 8.974721517753512e-06, 2.723252157511789e-05, 3.32618769635053e-05, 2.723252157511789e-05, 1.540068371066315e-05, 6.324379362103157e-06, 2.0025310495439004e-06], [0.013786279928208633, 0.1018675957850952, 0.7527053799192598, 0.1018675957850952, 0.013786279928208633, 0.0018657700988633443, 0.008616456226310677, 0.001354827160690502, 0.0026213092049436532, 0.0005563675675226813, 0.0005563675675226813, 0.0001546909365337165, 9.863529593463476e-05, 3.4172771380178887e-05, 1.5822439729434755e-05, 2.797829884685559e-05, 3.4172771380178887e-05, 2.797829884685559e-05, 1.5822439729434755e-05, 6.497575897469644e-06], [0.0018657700988633445, 0.013786279928208635, 0.10186759578509522, 0.7527053799192599, 0.10186759578509522, 0.013786279928208635, 0.0013548271606905022, 0.008616456226310677, 0.0005563675675226813, 0.0026213092049436537, 0.00015469093653371652, 0.0005563675675226813, 3.417277138017889e-05, 9.863529593463476e-05, 6.497575897469645e-06, 1.5822439729434758e-05, 2.7978298846855593e-05, 3.417277138017889e-05, 2.7978298846855593e-05, 1.5822439729434758e-05], [0.0002457738748390697, 0.0018160369488374462, 0.013418798892690738, 0.09915225779836036, 0.7326415952077185, 0.09915225779836036, 0.00019140888618316096, 0.043235271250143946, 9.600611671606195e-05, 0.008386779745561117, 3.32618769635053e-05, 0.001318713481688555, 8.974721517753514e-06, 0.00019140888618316096, 2.0025310495439008e-06, 6.324379362103158e-06, 1.540068371066315e-05, 2.7232521575117893e-05, 3.32618769635053e-05, 2.7232521575117893e-05], [3.4573013419541515e-05, 0.0002554619356660744, 0.0018876225737780364, 0.013947749091253769, 0.1030607004890831, 0.7615212975089244, 2.830598931315642e-05, 0.1030607004890831, 1.6007757024147187e-05, 0.013947749091253769, 6.573677510627806e-06, 0.0018876225737780364, 2.0814680099049245e-06, 0.0002554619356660744, 5.505009587428493e-07, 2.0814680099049245e-06, 6.573677510627806e-06, 1.6007757024147187e-05, 2.830598931315642e-05, 3.4573013419541515e-05], [0.09915225779836036, 0.043235271250143946, 0.008386779745561117, 0.001318713481688555, 0.00019140888618316096, 2.7232521575117893e-05, 0.7326415952077185, 3.32618769635053e-05, 0.09915225779836036, 2.7232521575117893e-05, 0.013418798892690738, 1.540068371066315e-05, 0.0018160369488374462, 6.324379362103158e-06, 0.0002457738748390697, 0.00019140888618316096, 9.600611671606195e-05, 3.32618769635053e-05, 8.974721517753514e-06, 2.0025310495439008e-06], [2.7232521575117893e-05, 0.00019140888618316096, 0.001318713481688555, 0.008386779745561117, 0.043235271250143946, 0.09915225779836036, 3.32618769635053e-05, 0.7326415952077185, 2.7232521575117893e-05, 0.09915225779836036, 1.540068371066315e-05, 0.013418798892690738, 6.324379362103158e-06, 0.0018160369488374462, 2.0025310495439008e-06, 8.974721517753514e-06, 3.32618769635053e-05, 9.600611671606195e-05, 0.00019140888618316096, 0.0002457738748390697], [0.013786279928208633, 0.008616456226310677, 0.0026213092049436532, 0.0005563675675226813, 9.863529593463476e-05, 1.5822439729434755e-05, 0.1018675957850952, 2.797829884685559e-05, 0.7527053799192598, 3.4172771380178887e-05, 0.1018675957850952, 2.797829884685559e-05, 0.013786279928208633, 1.5822439729434755e-05, 0.0018657700988633443, 0.001354827160690502, 0.0005563675675226813, 0.0001546909365337165, 3.4172771380178887e-05, 6.497575897469644e-06], [1.5822439729434755e-05, 9.863529593463476e-05, 0.0005563675675226813, 0.0026213092049436532, 0.008616456226310677, 0.013786279928208633, 2.797829884685559e-05, 0.1018675957850952, 3.4172771380178887e-05, 0.7527053799192598, 2.797829884685559e-05, 0.1018675957850952, 1.5822439729434755e-05, 0.013786279928208633, 6.497575897469644e-06, 3.4172771380178887e-05, 0.0001546909365337165, 0.0005563675675226813, 0.001354827160690502, 0.0018657700988633443], [0.0018657700988633447, 0.0013548271606905024, 0.0005563675675226814, 0.00015469093653371654, 3.41727713801789e-05, 6.4975758974696454e-06, 0.013786279928208637, 1.5822439729434758e-05, 0.10186759578509523, 2.7978298846855596e-05, 0.75270537991926, 3.41727713801789e-05, 0.10186759578509523, 2.7978298846855596e-05, 0.013786279928208637, 0.008616456226310678, 0.002621309204943654, 0.0005563675675226814, 9.863529593463477e-05, 1.5822439729434758e-05], [6.4975758974696454e-06, 3.41727713801789e-05, 0.00015469093653371654, 0.0005563675675226814, 0.0013548271606905024, 0.0018657700988633447, 1.5822439729434758e-05, 0.013786279928208637, 2.7978298846855596e-05, 0.10186759578509523, 3.41727713801789e-05, 0.75270537991926, 2.7978298846855596e-05, 0.10186759578509523, 1.5822439729434758e-05, 9.863529593463477e-05, 0.0005563675675226814, 0.002621309204943654, 0.008616456226310678, 0.013786279928208637], [0.0002457738748390697, 0.00019140888618316096, 9.600611671606195e-05, 3.32618769635053e-05, 8.974721517753514e-06, 2.0025310495439008e-06, 0.0018160369488374462, 6.324379362103158e-06, 0.013418798892690738, 1.540068371066315e-05, 0.09915225779836036, 2.7232521575117893e-05, 0.7326415952077185, 3.32618769635053e-05, 0.09915225779836036, 0.043235271250143946, 0.008386779745561117, 0.001318713481688555, 0.00019140888618316096, 2.7232521575117893e-05], [2.0025310495439008e-06, 8.974721517753514e-06, 3.32618769635053e-05, 9.600611671606195e-05, 0.00019140888618316096, 0.0002457738748390697, 6.324379362103158e-06, 0.0018160369488374462, 1.540068371066315e-05, 0.013418798892690738, 2.7232521575117893e-05, 0.09915225779836036, 3.32618769635053e-05, 0.7326415952077185, 2.7232521575117893e-05, 0.00019140888618316096, 0.001318713481688555, 0.008386779745561117, 0.043235271250143946, 0.09915225779836036], [3.4573013419541515e-05, 2.830598931315642e-05, 1.6007757024147187e-05, 6.573677510627806e-06, 2.0814680099049245e-06, 5.505009587428493e-07, 0.0002554619356660744, 2.0814680099049245e-06, 0.0018876225737780364, 6.573677510627806e-06, 0.013947749091253769, 1.6007757024147187e-05, 0.1030607004890831, 2.830598931315642e-05, 0.7615212975089244, 0.1030607004890831, 0.013947749091253769, 0.0018876225737780364, 0.0002554619356660744, 3.4573013419541515e-05], [2.7232521575117893e-05, 3.32618769635053e-05, 2.7232521575117893e-05, 1.540068371066315e-05, 6.324379362103158e-06, 2.0025310495439008e-06, 0.00019140888618316096, 8.974721517753514e-06, 0.001318713481688555, 3.32618769635053e-05, 0.008386779745561117, 9.600611671606195e-05, 0.043235271250143946, 0.00019140888618316096, 0.09915225779836036, 0.7326415952077185, 0.09915225779836036, 0.013418798892690738, 0.0018160369488374462, 0.0002457738748390697], [1.5822439729434758e-05, 2.7978298846855596e-05, 3.41727713801789e-05, 2.7978298846855596e-05, 1.5822439729434758e-05, 6.4975758974696454e-06, 9.863529593463477e-05, 3.41727713801789e-05, 0.0005563675675226814, 0.00015469093653371654, 0.002621309204943654, 0.0005563675675226814, 0.008616456226310678, 0.0013548271606905024, 0.013786279928208637, 0.10186759578509523, 0.75270537991926, 0.10186759578509523, 0.013786279928208637, 0.0018657700988633447], [6.4975758974696454e-06, 1.5822439729434758e-05, 2.7978298846855596e-05, 3.41727713801789e-05, 2.7978298846855596e-05, 1.5822439729434758e-05, 3.41727713801789e-05, 9.863529593463477e-05, 0.00015469093653371654, 0.0005563675675226814, 0.0005563675675226814, 0.002621309204943654, 0.0013548271606905024, 0.008616456226310678, 0.0018657700988633447, 0.013786279928208637, 0.10186759578509523, 0.75270537991926, 0.10186759578509523, 0.013786279928208637], [2.0025310495439008e-06, 6.324379362103159e-06, 1.5400683710663153e-05, 2.7232521575117897e-05, 3.3261876963505305e-05, 2.7232521575117897e-05, 8.974721517753515e-06, 0.00019140888618316099, 3.3261876963505305e-05, 0.0013187134816885551, 9.600611671606196e-05, 0.008386779745561117, 0.00019140888618316099, 0.04323527125014395, 0.00024577387483906975, 0.0018160369488374464, 0.01341879889269074, 0.09915225779836037, 0.7326415952077187, 0.09915225779836037], [5.505009587428494e-07, 2.081468009904925e-06, 6.573677510627807e-06, 1.600775702414719e-05, 2.8305989313156422e-05, 3.457301341954152e-05, 2.081468009904925e-06, 0.00025546193566607447, 6.573677510627807e-06, 0.0018876225737780366, 1.600775702414719e-05, 0.01394774909125377, 2.8305989313156422e-05, 0.10306070048908311, 3.457301341954152e-05, 0.00025546193566607447, 0.0018876225737780366, 0.01394774909125377, 0.10306070048908311, 0.7615212975089245]]