[[0.27760938105549904, 0.15235525861211843, 0.08361433874644526, 0.04588852204835677, 0.025184154863295484, 0.013821357234170528, 0.15235525861211843, 0.013016464049139892, 0.08361433874644526, 0.010970556710932857, 0.04588852204835677, 0.008399859852545028, 0.025184154863295484, 0.005948951713849422, 0.013821357234170528, 0.013016464049139892, 0.010970556710932857, 0.008399859852545028, 0.005948951713849422, 0.0039916912827936074], [0.13553102125893576, 0.2469536218720326, 0.13553102125893576, 0.07438100151861085, 0.04082115913774108, 0.022403127133638297, 0.10565726994584244, 0.020784355271623395, 0.06459910481228152, 0.016898089248152583, 0.03708455417085202, 0.012295096855834513, 0.020784355271623395, 0.008299543832044174, 0.011579086155808155, 0.012295096855834513, 0.011579086155808155, 0.00975910361320168, 0.007472282838268957, 0.005292022792930216], [0.0727617697153345, 0.13258058854799573, 0.24157758296014162, 0.13258058854799573, 0.0727617697153345, 0.03993250588256951, 0.06319281929797509, 0.036277244665766324, 0.04422059699903594, 0.02777650934753816, 0.02777650934753816, 0.018919453453954696, 0.016530227523161363, 0.0120274396389799, 0.00954665351681502, 0.011327016081816611, 0.0120274396389799, 0.011327016081816611, 0.00954665351681502, 0.007309615520435468], [0.03993250588256951, 0.0727617697153345, 0.13258058854799573, 0.24157758296014162, 0.13258058854799573, 0.0727617697153345, 0.036277244665766324, 0.06319281929797509, 0.02777650934753816, 0.04422059699903594, 0.018919453453954696, 0.02777650934753816, 0.0120274396389799, 0.016530227523161363, 0.007309615520435468, 0.00954665351681502, 0.011327016081816611, 0.0120274396389799, 0.011327016081816611, 0.00954665351681502], [0.022403127133638297, 0.04082115913774108, 0.07438100151861085, 0.13553102125893576, 0.2469536218720326, 0.13553102125893576, 0.020784355271623395, 0.10565726994584244, 0.016898089248152583, 0.06459910481228152, 0.012295096855834513, 0.03708455417085202, 0.008299543832044174, 0.020784355271623395, 0.005292022792930216, 0.007472282838268957, 0.00975910361320168, 0.011579086155808155, 0.012295096855834513, 0.011579086155808155], [0.013821357234170528, 0.025184154863295484, 0.04588852204835677, 0.08361433874644526, 0.15235525861211843, 0.27760938105549904, 0.013016464049139892, 0.15235525861211843, 0.010970556710932857, 0.08361433874644526, 0.008399859852545028, 0.04588852204835677, 0.005948951713849422, 0.025184154863295484, 0.0039916912827936074, 0.005948951713849422, 0.008399859852545028, 0.010970556710932857, 0.013016464049139892, 0.013821357234170528], [0.13553102125893574, 0.10565726994584242, 0.06459910481228151, 0.03708455417085201, 0.02078435527162339, 0.011579086155808152, 0.24695362187203254, 0.012295096855834511, 0.13553102125893574, 0.011579086155808152, 0.07438100151861084, 0.009759103613201679, 0.04082115913774107, 0.007472282838268955, 0.022403127133638293, 0.02078435527162339, 0.01689808924815258, 0.012295096855834511, 0.008299543832044173, 0.005292022792930215], [0.011579086155808152, 0.02078435527162339, 0.03708455417085201, 0.06459910481228151, 0.10565726994584242, 0.13553102125893574, 0.012295096855834511, 0.24695362187203254, 0.011579086155808152, 0.13553102125893574, 0.009759103613201679, 0.07438100151861084, 0.007472282838268955, 0.04082115913774107, 0.005292022792930215, 0.008299543832044173, 0.012295096855834511, 0.01689808924815258, 0.02078435527162339, 0.022403127133638293], [0.07276176971533452, 0.0631928192979751, 0.04422059699903595, 0.027776509347538166, 0.016530227523161366, 0.009546653516815022, 0.13258058854799576, 0.011327016081816613, 0.24157758296014167, 0.012027439638979901, 0.13258058854799576, 0.011327016081816613, 0.07276176971533452, 0.009546653516815022, 0.03993250588256952, 0.03627724466576633, 0.027776509347538166, 0.0189194534539547, 0.012027439638979901, 0.007309615520435469], [0.00954665351681502, 0.016530227523161363, 0.02777650934753816, 0.04422059699903594, 0.06319281929797509, 0.0727617697153345, 0.011327016081816611, 0.13258058854799573, 0.0120274396389799, 0.24157758296014162, 0.011327016081816611, 0.13258058854799573, 0.00954665351681502, 0.0727617697153345, 0.007309615520435468, 0.0120274396389799, 0.018919453453954696, 0.02777650934753816, 0.036277244665766324, 0.03993250588256951], [0.03993250588256951, 0.036277244665766324, 0.02777650934753816, 0.018919453453954696, 0.0120274396389799, 0.007309615520435468, 0.0727617697153345, 0.00954665351681502, 0.13258058854799573, 0.011327016081816611, 0.24157758296014162, 0.0120274396389799, 0.13258058854799573, 0.011327016081816611, 0.0727617697153345, 0.06319281929797509, 0.04422059699903594, 0.02777650934753816, 0.016530227523161363, 0.00954665351681502], [0.007309615520435469, 0.012027439638979901, 0.0189194534539547, 0.027776509347538166, 0.03627724466576633, 0.03993250588256952, 0.009546653516815022, 0.07276176971533452, 0.011327016081816613, 0.13258058854799576, 0.012027439638979901, 0.24157758296014167, 0.011327016081816613, 0.13258058854799576, 0.009546653516815022, 0.016530227523161366, 0.027776509347538166, 0.04422059699903595, 0.0631928192979751, 0.07276176971533452], [0.022403127133638297, 0.020784355271623395, 0.016898089248152583, 0.012295096855834513, 0.008299543832044174, 0.005292022792930216, 0.04082115913774108, 0.007472282838268957, 0.07438100151861085, 0.00975910361320168, 0.13553102125893576, 0.011579086155808155, 0.2469536218720326, 0.012295096855834513, 0.13553102125893576, 0.10565726994584244, 0.06459910481228152, 0.03708455417085202, 0.020784355271623395, 0.011579086155808155], [0.005292022792930216, 0.008299543832044174, 0.012295096855834513, 0.016898089248152583, 0.020784355271623395, 0.022403127133638297, 0.007472282838268957, 0.04082115913774108, 0.00975910361320168, 0.07438100151861085, 0.011579086155808155, 0.13553102125893576, 0.012295096855834513, 0.2469536218720326, 0.011579086155808155, 0.020784355271623395, 0.03708455417085202, 0.06459910481228152, 0.10565726994584244, 0.13553102125893576], [0.01382135723417053, 0.013016464049139894, 0.010970556710932857, 0.00839985985254503, 0.005948951713849422, 0.003991691282793608, 0.025184154863295484, 0.005948951713849422, 0.04588852204835678, 0.00839985985254503, 0.08361433874644528, 0.010970556710932857, 0.15235525861211846, 0.013016464049139894, 0.27760938105549904, 0.15235525861211846, 0.08361433874644528, 0.04588852204835678, 0.025184154863295484, 0.01382135723417053], [0.011579086155808155, 0.012295096855834513, 0.011579086155808155, 0.00975910361320168, 0.007472282838268957, 0.005292022792930216, 0.020784355271623395, 0.008299543832044174, 0.03708455417085202, 0.012295096855834513, 0.06459910481228152, 0.016898089248152583, 0.10565726994584244, 0.020784355271623395, 0.13553102125893576, 0.2469536218720326, 0.13553102125893576, 0.07438100151861085, 0.04082115913774108, 0.022403127133638297], [0.009546653516815022, 0.011327016081816613, 0.012027439638979901, 0.011327016081816613, 0.009546653516815022, 0.007309615520435469, 0.016530227523161366, 0.012027439638979901, 0.027776509347538166, 0.0189194534539547, 0.04422059699903595, 0.027776509347538166, 0.0631928192979751, 0.03627724466576633, 0.07276176971533452, 0.13258058854799576, 0.24157758296014167, 0.13258058854799576, 0.07276176971533452, 0.03993250588256952], [0.007309615520435469, 0.009546653516815022, 0.011327016081816613, 0.012027439638979901, 0.011327016081816613, 0.009546653516815022, 0.012027439638979901, 0.016530227523161366, 0.0189194534539547, 0.027776509347538166, 0.027776509347538166, 0.04422059699903595, 0.03627724466576633, 0.0631928192979751, 0.03993250588256952, 0.07276176971533452, 0.13258058854799576, 0.24157758296014167, 0.13258058854799576, 0.07276176971533452], [0.005292022792930215, 0.007472282838268955, 0.009759103613201679, 0.011579086155808152, 0.012295096855834511, 0.011579086155808152, 0.008299543832044173, 0.02078435527162339, 0.012295096855834511, 0.03708455417085201, 0.01689808924815258, 0.06459910481228151, 0.02078435527162339, 0.10565726994584242, 0.022403127133638293, 0.04082115913774107, 0.07438100151861084, 0.13553102125893574, 0.24695362187203254, 0.13553102125893574], [0.0039916912827936074, 0.005948951713849422, 0.008399859852545028, 0.010970556710932857, 0.013016464049139892, 0.013821357234170528, 0.005948951713849422, 0.025184154863295484, 0.008399859852545028, 0.04588852204835677, 0.010970556710932857, 0.08361433874644526, 0.013016464049139892, 0.15235525861211843, 0.013821357234170528, 0.025184154863295484, 0.04588852204835677, 0.08361433874644526, 0.15235525861211843, 0.27760938105549904]]