[[0.4571414238365774, 0.1681729315373176, 0.06186736407411163, 0.022759731322334352, 0.008372837240072534, 0.0030801946848973256, 0.1681729315373176, 0.0027870754057305828, 0.06186736407411163, 0.0020959204329723748, 0.022759731322334352, 0.0013431166940808658, 0.008372837240072534, 0.0007557783031352057, 0.0030801946848973256, 0.0027870754057305828, 0.0020959204329723748, 0.0013431166940808658, 0.0007557783031352057, 0.00038867677411747446], [0.15241558842852038, 0.41430852439913957, 0.15241558842852038, 0.05607056149690063, 0.020627206829648793, 0.0075883253214189565, 0.10064615244670427, 0.006696673591956484, 0.04432775144176502, 0.004742720538353904, 0.01757734618360663, 0.0027915888786707115, 0.006696673591956484, 0.0014500686850317788, 0.002525934073194307, 0.0027915888786707115, 0.002525934073194307, 0.0018995384285131374, 0.0012172703382474994, 0.0006849639459861577], [0.05680193367381155, 0.15440366412685785, 0.4197126744435314, 0.15440366412685785, 0.05680193367381155, 0.020896263617379125, 0.04490595296506031, 0.017806621254150234, 0.024768442640148727, 0.011410915173772525, 0.011410915173772525, 0.006016889122528119, 0.004804583550815582, 0.0028280017552449292, 0.001924315593544103, 0.002558881806416984, 0.0028280017552449292, 0.002558881806416984, 0.001924315593544103, 0.001233148147090601], [0.020896263617379125, 0.05680193367381155, 0.15440366412685785, 0.4197126744435314, 0.15440366412685785, 0.05680193367381155, 0.017806621254150234, 0.04490595296506031, 0.011410915173772525, 0.024768442640148727, 0.006016889122528119, 0.011410915173772525, 0.0028280017552449292, 0.004804583550815582, 0.001233148147090601, 0.001924315593544103, 0.002558881806416984, 0.0028280017552449292, 0.002558881806416984, 0.001924315593544103], [0.0075883253214189565, 0.020627206829648793, 0.05607056149690063, 0.15241558842852038, 0.41430852439913957, 0.15241558842852038, 0.006696673591956484, 0.10064615244670427, 0.004742720538353904, 0.04432775144176502, 0.0027915888786707115, 0.01757734618360663, 0.0014500686850317788, 0.006696673591956484, 0.0006849639459861577, 0.0012172703382474994, 0.0018995384285131374, 0.002525934073194307, 0.0027915888786707115, 0.002525934073194307], [0.0030801946848973256, 0.008372837240072534, 0.022759731322334352, 0.06186736407411163, 0.1681729315373176, 0.4571414238365774, 0.0027870754057305828, 0.1681729315373176, 0.0020959204329723748, 0.06186736407411163, 0.0013431166940808658, 0.022759731322334352, 0.0007557783031352057, 0.008372837240072534, 0.00038867677411747446, 0.0007557783031352057, 0.0013431166940808658, 0.0020959204329723748, 0.0027870754057305828, 0.0030801946848973256], [0.15241558842852035, 0.10064615244670426, 0.04432775144176501, 0.017577346183606627, 0.006696673591956483, 0.0025259340731943066, 0.4143085243991395, 0.002791588878670711, 0.15241558842852035, 0.0025259340731943066, 0.056070561496900616, 0.0018995384285131372, 0.02062720682964879, 0.0012172703382474994, 0.007588325321418956, 0.006696673591956483, 0.004742720538353903, 0.002791588878670711, 0.0014500686850317786, 0.0006849639459861576], [0.0025259340731943066, 0.006696673591956483, 0.017577346183606627, 0.04432775144176501, 0.10064615244670426, 0.15241558842852035, 0.002791588878670711, 0.4143085243991395, 0.0025259340731943066, 0.15241558842852035, 0.0018995384285131372, 0.056070561496900616, 0.0012172703382474994, 0.02062720682964879, 0.0006849639459861576, 0.0014500686850317786, 0.002791588878670711, 0.004742720538353903, 0.006696673591956483, 0.007588325321418956], [0.05680193367381155, 0.04490595296506031, 0.024768442640148727, 0.011410915173772525, 0.004804583550815582, 0.001924315593544103, 0.15440366412685785, 0.002558881806416984, 0.4197126744435314, 0.0028280017552449292, 0.15440366412685785, 0.002558881806416984, 0.05680193367381155, 0.001924315593544103, 0.020896263617379125, 0.017806621254150234, 0.011410915173772525, 0.006016889122528119, 0.0028280017552449292, 0.001233148147090601], [0.0019243155935441025, 0.004804583550815581, 0.011410915173772523, 0.02476844264014872, 0.0449059529650603, 0.05680193367381154, 0.002558881806416984, 0.15440366412685783, 0.002828001755244929, 0.41971267444353133, 0.002558881806416984, 0.15440366412685783, 0.0019243155935441025, 0.05680193367381154, 0.0012331481470906009, 0.002828001755244929, 0.006016889122528118, 0.011410915173772523, 0.01780662125415023, 0.020896263617379122], [0.020896263617379125, 0.017806621254150234, 0.011410915173772525, 0.006016889122528119, 0.0028280017552449292, 0.001233148147090601, 0.05680193367381155, 0.001924315593544103, 0.15440366412685785, 0.002558881806416984, 0.4197126744435314, 0.0028280017552449292, 0.15440366412685785, 0.002558881806416984, 0.05680193367381155, 0.04490595296506031, 0.024768442640148727, 0.011410915173772525, 0.004804583550815582, 0.001924315593544103], [0.001233148147090601, 0.0028280017552449292, 0.006016889122528119, 0.011410915173772525, 0.017806621254150234, 0.020896263617379125, 0.001924315593544103, 0.05680193367381155, 0.002558881806416984, 0.15440366412685785, 0.0028280017552449292, 0.4197126744435314, 0.002558881806416984, 0.15440366412685785, 0.001924315593544103, 0.004804583550815582, 0.011410915173772525, 0.024768442640148727, 0.04490595296506031, 0.05680193367381155], [0.0075883253214189565, 0.006696673591956484, 0.004742720538353904, 0.0027915888786707115, 0.0014500686850317788, 0.0006849639459861577, 0.020627206829648793, 0.0012172703382474994, 0.05607056149690063, 0.0018995384285131374, 0.15241558842852038, 0.002525934073194307, 0.41430852439913957, 0.0027915888786707115, 0.15241558842852038, 0.10064615244670427, 0.04432775144176502, 0.01757734618360663, 0.006696673591956484, 0.002525934073194307], [0.0006849639459861577, 0.0014500686850317788, 0.0027915888786707115, 0.004742720538353904, 0.006696673591956484, 0.0075883253214189565, 0.0012172703382474994, 0.020627206829648793, 0.0018995384285131374, 0.05607056149690063, 0.002525934073194307, 0.15241558842852038, 0.0027915888786707115, 0.41430852439913957, 0.002525934073194307, 0.006696673591956484, 0.01757734618360663, 0.04432775144176502, 0.10064615244670427, 0.15241558842852038], [0.003080194684897326, 0.0027870754057305836, 0.002095920432972375, 0.0013431166940808662, 0.0007557783031352058, 0.0003886767741174745, 0.008372837240072536, 0.0007557783031352058, 0.02275973132233436, 0.0013431166940808662, 0.06186736407411164, 0.002095920432972375, 0.16817293153731763, 0.0027870754057305836, 0.45714142383657747, 0.16817293153731763, 0.06186736407411164, 0.02275973132233436, 0.008372837240072536, 0.003080194684897326], [0.0025259340731943066, 0.002791588878670711, 0.0025259340731943066, 0.0018995384285131372, 0.0012172703382474994, 0.0006849639459861576, 0.006696673591956483, 0.0014500686850317786, 0.017577346183606627, 0.002791588878670711, 0.04432775144176501, 0.004742720538353903, 0.10064615244670426, 0.006696673591956483, 0.15241558842852035, 0.4143085243991395, 0.15241558842852035, 0.056070561496900616, 0.02062720682964879, 0.007588325321418956], [0.001924315593544103, 0.002558881806416984, 0.0028280017552449292, 0.002558881806416984, 0.001924315593544103, 0.001233148147090601, 0.004804583550815582, 0.0028280017552449292, 0.011410915173772525, 0.006016889122528119, 0.024768442640148727, 0.011410915173772525, 0.04490595296506031, 0.017806621254150234, 0.05680193367381155, 0.15440366412685785, 0.4197126744435314, 0.15440366412685785, 0.05680193367381155, 0.020896263617379125], [0.001233148147090601, 0.001924315593544103, 0.002558881806416984, 0.0028280017552449292, 0.002558881806416984, 0.001924315593544103, 0.0028280017552449292, 0.004804583550815582, 0.006016889122528119, 0.011410915173772525, 0.011410915173772525, 0.024768442640148727, 0.017806621254150234, 0.04490595296506031, 0.020896263617379125, 0.05680193367381155, 0.15440366412685785, 0.4197126744435314, 0.15440366412685785, 0.05680193367381155], [0.0006849639459861577, 0.0012172703382474994, 0.0018995384285131374, 0.002525934073194307, 0.0027915888786707115, 0.002525934073194307, 0.0014500686850317788, 0.006696673591956484, 0.0027915888786707115, 0.01757734618360663, 0.004742720538353904, 0.04432775144176502, 0.006696673591956484, 0.10064615244670427, 0.0075883253214189565, 0.020627206829648793, 0.05607056149690063, 0.15241558842852038, 0.41430852439913957, 0.15241558842852038], [0.00038867677411747446, 0.0007557783031352057, 0.0013431166940808658, 0.0020959204329723748, 0.0027870754057305828, 0.0030801946848973256, 0.0007557783031352057, 0.008372837240072534, 0.0013431166940808658, 0.022759731322334352, 0.0020959204329723748, 0.06186736407411163, 0.0027870754057305828, 0.1681729315373176, 0.0030801946848973256, 0.008372837240072534, 0.022759731322334352, 0.06186736407411163, 0.1681729315373176, 0.4571414238365774]]