[[0.9998503063534782, 7.484062504433592e-05, 5.601957734507824e-09, 7.484062504433592e-05, 5.951844818847814e-10, 5.601957734507824e-09, 5.951844818847814e-10, 2.148718055548824e-12], [7.484040607046018e-05, 0.9998473809223156, 7.484040607046018e-05, 1.4657366183160653e-06, 1.4657366183160653e-06, 5.951827404528694e-10, 5.601941343912528e-09, 5.951827404528694e-10], [5.601957734507824e-09, 7.484062504433592e-05, 0.9998503063534782, 5.951844818847814e-10, 7.484062504433592e-05, 2.148718055548824e-12, 5.951844818847814e-10, 5.601957734507824e-09], [7.484040607046018e-05, 1.4657366183160653e-06, 5.951827404528694e-10, 0.9998473809223156, 5.601941343912528e-09, 7.484040607046018e-05, 1.4657366183160653e-06, 5.951827404528694e-10], [5.951827404528694e-10, 1.4657366183160653e-06, 7.484040607046018e-05, 5.601941343912528e-09, 0.9998473809223156, 5.951827404528694e-10, 1.4657366183160653e-06, 7.484040607046018e-05], [5.6019577345078245e-09, 5.951844818847815e-10, 2.148718055548824e-12, 7.484062504433593e-05, 5.951844818847815e-10, 0.9998503063534783, 7.484062504433593e-05, 5.6019577345078245e-09], [5.951827404528694e-10, 5.601941343912528e-09, 5.951827404528694e-10, 1.4657366183160653e-06, 1.4657366183160653e-06, 7.484040607046018e-05, 0.9998473809223156, 7.484040607046018e-05], [2.148718055548824e-12, 5.951844818847814e-10, 5.601957734507824e-09, 5.951844818847814e-10, 7.484062504433592e-05, 5.601957734507824e-09, 7.484062504433592e-05, 0.9998503063534782]]