[[0.9997532072031857, 0.00012337934743597475, 1.522622109541601e-08, 0.00012337934743597475, 1.8203322032513417e-09, 1.522622109541601e-08, 1.8203322032513417e-09, 8.835469918773348e-12], [0.00012337861593218164, 0.9997472797665568, 0.00012337861593218164, 2.972067402562629e-06, 2.972067402562629e-06, 1.8203214106840352e-09, 1.522613082067621e-08, 1.8203214106840352e-09], [1.522622109541601e-08, 0.00012337934743597478, 0.9997532072031858, 1.820332203251342e-09, 0.00012337934743597478, 8.83546991877335e-12, 1.820332203251342e-09, 1.522622109541601e-08], [0.00012337861593218164, 2.972067402562629e-06, 1.8203214106840352e-09, 0.9997472797665568, 1.522613082067621e-08, 0.00012337861593218164, 2.972067402562629e-06, 1.8203214106840352e-09], [1.8203214106840356e-09, 2.9720674025626294e-06, 0.00012337861593218167, 1.5226130820676212e-08, 0.9997472797665569, 1.8203214106840356e-09, 2.9720674025626294e-06, 0.00012337861593218167], [1.522622109541601e-08, 1.820332203251342e-09, 8.83546991877335e-12, 0.00012337934743597478, 1.820332203251342e-09, 0.9997532072031858, 0.00012337934743597478, 1.522622109541601e-08], [1.8203214106840356e-09, 1.5226130820676212e-08, 1.8203214106840356e-09, 2.9720674025626294e-06, 2.9720674025626294e-06, 0.00012337861593218167, 0.9997472797665569, 0.00012337861593218167], [8.835469918773351e-12, 1.8203322032513423e-09, 1.5226221095416013e-08, 1.8203322032513423e-09, 0.0001233793474359748, 1.5226221095416013e-08, 0.0001233793474359748, 0.9997532072031861]]