[[0.8853501487211909, 0.05383819798898162, 0.0032739041913388603, 0.00019908631890427995, 1.2106451520393371e-05, 7.361940751242865e-07, 0.05383819798898162, 5.564035125349714e-07, 0.0032739041913388603, 2.505087306962979e-07, 0.00019908631890427995, 7.205961575380394e-08, 1.2106451520393371e-05, 1.4403824664199558e-08, 7.361940751242865e-07, 5.564035125349714e-07, 2.505087306962979e-07, 7.205961575380394e-08, 1.4403824664199558e-08, 2.2378011918640424e-09], [0.053032031178559806, 0.8720930202852221, 0.053032031178559806, 0.0032248811371107374, 0.0001961052239065883, 1.1925170946892018e-05, 0.016591592528239257, 8.403525934134441e-06, 0.0016701210233231116, 3.198402197547198e-06, 0.00012529254611704692, 7.251703920969337e-07, 8.403525934134441e-06, 1.1586279053960069e-07, 5.480719921319369e-07, 7.251703920969337e-07, 5.480719921319369e-07, 2.4675764258503564e-07, 7.09806035884199e-08, 1.4188143496902886e-08], [0.0032673620204797314, 0.05373061430008708, 0.8835809729589886, 0.05373061430008708, 0.0032673620204797314, 0.00019868848908463144, 0.001692121281127174, 0.0001269430063393952, 0.00031981356503662904, 3.651555071164113e-05, 3.651555071164113e-05, 6.084461442376722e-06, 3.240534277752445e-06, 7.347229546688732e-07, 2.500081446002679e-07, 5.552916636130472e-07, 7.347229546688732e-07, 5.552916636130472e-07, 2.500081446002679e-07, 7.191562060588491e-08], [0.00019868848908463144, 0.0032673620204797314, 0.05373061430008708, 0.8835809729589886, 0.05373061430008708, 0.0032673620204797314, 0.0001269430063393952, 0.001692121281127174, 3.651555071164113e-05, 0.00031981356503662904, 6.084461442376722e-06, 3.651555071164113e-05, 7.347229546688732e-07, 3.240534277752445e-06, 7.191562060588491e-08, 2.500081446002679e-07, 5.552916636130472e-07, 7.347229546688732e-07, 5.552916636130472e-07, 2.500081446002679e-07], [1.1925170946892018e-05, 0.0001961052239065883, 0.0032248811371107374, 0.053032031178559806, 0.8720930202852221, 0.053032031178559806, 8.403525934134441e-06, 0.016591592528239257, 3.198402197547198e-06, 0.0016701210233231116, 7.251703920969337e-07, 0.00012529254611704692, 1.1586279053960069e-07, 8.403525934134441e-06, 1.4188143496902886e-08, 7.09806035884199e-08, 2.4675764258503564e-07, 5.480719921319369e-07, 7.251703920969337e-07, 5.480719921319369e-07], [7.361940751242865e-07, 1.2106451520393371e-05, 0.00019908631890427995, 0.0032739041913388603, 0.05383819798898162, 0.8853501487211909, 5.564035125349714e-07, 0.05383819798898162, 2.505087306962979e-07, 0.0032739041913388603, 7.205961575380394e-08, 0.00019908631890427995, 1.4403824664199558e-08, 1.2106451520393371e-05, 2.2378011918640424e-09, 1.4403824664199558e-08, 7.205961575380394e-08, 2.505087306962979e-07, 5.564035125349714e-07, 7.361940751242865e-07], [0.05303203117855981, 0.016591592528239257, 0.0016701210233231118, 0.00012529254611704695, 8.403525934134443e-06, 5.48071992131937e-07, 0.8720930202852222, 7.251703920969338e-07, 0.05303203117855981, 5.48071992131937e-07, 0.003224881137110738, 2.467576425850357e-07, 0.00019610522390658833, 7.09806035884199e-08, 1.192517094689202e-05, 8.403525934134443e-06, 3.1984021975471985e-06, 7.251703920969338e-07, 1.158627905396007e-07, 1.4188143496902887e-08], [5.48071992131937e-07, 8.403525934134443e-06, 0.00012529254611704695, 0.0016701210233231118, 0.016591592528239257, 0.05303203117855981, 7.251703920969338e-07, 0.8720930202852222, 5.48071992131937e-07, 0.05303203117855981, 2.467576425850357e-07, 0.003224881137110738, 7.09806035884199e-08, 0.00019610522390658833, 1.4188143496902887e-08, 1.158627905396007e-07, 7.251703920969338e-07, 3.1984021975471985e-06, 8.403525934134443e-06, 1.192517094689202e-05], [0.003267362020479732, 0.0016921212811271743, 0.0003198135650366291, 3.651555071164114e-05, 3.2405342777524455e-06, 2.500081446002679e-07, 0.05373061430008709, 5.552916636130473e-07, 0.8835809729589887, 7.347229546688733e-07, 0.05373061430008709, 5.552916636130473e-07, 0.003267362020479732, 2.500081446002679e-07, 0.00019868848908463147, 0.00012694300633939523, 3.651555071164114e-05, 6.084461442376723e-06, 7.347229546688733e-07, 7.191562060588492e-08], [2.500081446002679e-07, 3.2405342777524455e-06, 3.651555071164114e-05, 0.0003198135650366291, 0.0016921212811271743, 0.003267362020479732, 5.552916636130473e-07, 0.05373061430008709, 7.347229546688733e-07, 0.8835809729589887, 5.552916636130473e-07, 0.05373061430008709, 2.500081446002679e-07, 0.003267362020479732, 7.191562060588492e-08, 7.347229546688733e-07, 6.084461442376723e-06, 3.651555071164114e-05, 0.00012694300633939523, 0.00019868848908463147], [0.00019868848908463144, 0.0001269430063393952, 3.651555071164113e-05, 6.084461442376722e-06, 7.347229546688732e-07, 7.191562060588491e-08, 0.0032673620204797314, 2.500081446002679e-07, 0.05373061430008708, 5.552916636130472e-07, 0.8835809729589886, 7.347229546688732e-07, 0.05373061430008708, 5.552916636130472e-07, 0.0032673620204797314, 0.001692121281127174, 0.00031981356503662904, 3.651555071164113e-05, 3.240534277752445e-06, 2.500081446002679e-07], [7.191562060588491e-08, 7.347229546688732e-07, 6.084461442376722e-06, 3.651555071164113e-05, 0.0001269430063393952, 0.00019868848908463144, 2.500081446002679e-07, 0.0032673620204797314, 5.552916636130472e-07, 0.05373061430008708, 7.347229546688732e-07, 0.8835809729589886, 5.552916636130472e-07, 0.05373061430008708, 2.500081446002679e-07, 3.240534277752445e-06, 3.651555071164113e-05, 0.00031981356503662904, 0.001692121281127174, 0.0032673620204797314], [1.1925170946892018e-05, 8.403525934134441e-06, 3.198402197547198e-06, 7.251703920969337e-07, 1.1586279053960069e-07, 1.4188143496902886e-08, 0.0001961052239065883, 7.09806035884199e-08, 0.0032248811371107374, 2.4675764258503564e-07, 0.053032031178559806, 5.480719921319369e-07, 0.8720930202852221, 7.251703920969337e-07, 0.053032031178559806, 0.016591592528239257, 0.0016701210233231116, 0.00012529254611704692, 8.403525934134441e-06, 5.480719921319369e-07], [1.4188143496902886e-08, 1.1586279053960069e-07, 7.251703920969337e-07, 3.198402197547198e-06, 8.403525934134441e-06, 1.1925170946892018e-05, 7.09806035884199e-08, 0.0001961052239065883, 2.4675764258503564e-07, 0.0032248811371107374, 5.480719921319369e-07, 0.053032031178559806, 7.251703920969337e-07, 0.8720930202852221, 5.480719921319369e-07, 8.403525934134441e-06, 0.00012529254611704692, 0.0016701210233231116, 0.016591592528239257, 0.053032031178559806], [7.361940751242866e-07, 5.564035125349715e-07, 2.5050873069629796e-07, 7.205961575380395e-08, 1.440382466419956e-08, 2.2378011918640424e-09, 1.2106451520393373e-05, 1.440382466419956e-08, 0.00019908631890427997, 7.205961575380395e-08, 0.0032739041913388608, 2.5050873069629796e-07, 0.05383819798898163, 5.564035125349715e-07, 0.885350148721191, 0.05383819798898163, 0.0032739041913388608, 0.00019908631890427997, 1.2106451520393373e-05, 7.361940751242866e-07], [5.48071992131937e-07, 7.251703920969339e-07, 5.48071992131937e-07, 2.467576425850357e-07, 7.098060358841991e-08, 1.418814349690289e-08, 8.403525934134443e-06, 1.1586279053960071e-07, 0.00012529254611704695, 7.251703920969339e-07, 0.001670121023323112, 3.198402197547199e-06, 0.01659159252823926, 8.403525934134443e-06, 0.05303203117855982, 0.8720930202852223, 0.05303203117855982, 0.003224881137110738, 0.00019610522390658836, 1.1925170946892021e-05], [2.5000814460026794e-07, 5.552916636130473e-07, 7.347229546688734e-07, 5.552916636130473e-07, 2.5000814460026794e-07, 7.191562060588494e-08, 3.240534277752446e-06, 7.347229546688734e-07, 3.6515550711641144e-05, 6.0844614423767234e-06, 0.00031981356503662915, 3.6515550711641144e-05, 0.0016921212811271745, 0.00012694300633939526, 0.0032673620204797323, 0.0537306143000871, 0.8835809729589889, 0.0537306143000871, 0.0032673620204797323, 0.0001986884890846315], [7.191562060588494e-08, 2.5000814460026794e-07, 5.552916636130473e-07, 7.347229546688734e-07, 5.552916636130473e-07, 2.5000814460026794e-07, 7.347229546688734e-07, 3.240534277752446e-06, 6.0844614423767234e-06, 3.6515550711641144e-05, 3.6515550711641144e-05, 0.00031981356503662915, 0.00012694300633939526, 0.0016921212811271745, 0.0001986884890846315, 0.0032673620204797323, 0.0537306143000871, 0.8835809729589889, 0.0537306143000871, 0.0032673620204797323], [1.4188143496902887e-08, 7.09806035884199e-08, 2.467576425850357e-07, 5.48071992131937e-07, 7.251703920969338e-07, 5.48071992131937e-07, 1.158627905396007e-07, 8.403525934134443e-06, 7.251703920969338e-07, 0.00012529254611704695, 3.1984021975471985e-06, 0.0016701210233231118, 8.403525934134443e-06, 0.016591592528239257, 1.192517094689202e-05, 0.00019610522390658833, 0.003224881137110738, 0.05303203117855981, 0.8720930202852222, 0.05303203117855981], [2.2378011918640424e-09, 1.440382466419956e-08, 7.205961575380395e-08, 2.5050873069629796e-07, 5.564035125349715e-07, 7.361940751242866e-07, 1.440382466419956e-08, 1.2106451520393373e-05, 7.205961575380395e-08, 0.00019908631890427997, 2.5050873069629796e-07, 0.0032739041913388608, 5.564035125349715e-07, 0.05383819798898163, 7.361940751242866e-07, 1.2106451520393373e-05, 0.00019908631890427997, 0.0032739041913388608, 0.05383819798898163, 0.885350148721191]]