[[0.9762144159584246, 0.01174799104133964, 0.0001413780530703352, 2.2065661519096616e-06, 0.01174799104133964, 1.0654929221123362e-06, 0.0001413780530703352, 1.457937291539226e-07, 2.2065661519096616e-06, 1.0654929221123362e-06, 1.457937291539226e-07, 1.0147149298317522e-08], [0.011725775301256732, 0.9743683704810485, 0.011725775301256732, 0.00018301071717106862, 0.0018753389865740766, 6.30258345717969e-05, 4.987623889507186e-05, 4.329901159735598e-06, 1.063478048783396e-06, 2.2023934810305244e-06, 1.063478048783396e-06, 1.6788848745840218e-07], [0.00014057569508791048, 0.011681318073472528, 0.9706741399948514, 0.01514985286139917, 4.96871375984318e-05, 0.0022411537938360113, 3.595726650244819e-06, 5.513287048267313e-05, 1.449663110375059e-07, 1.0594459669258153e-06, 2.194043303226407e-06, 1.1453910404801357e-06], [2.198803451691093e-06, 0.0001827123990686344, 0.015182721651514824, 0.9727800934235792, 1.061744517772767e-06, 0.011706661606214648, 1.452808267819771e-07, 0.00014088068504784464, 1.0111451624804435e-08, 1.6761481946904435e-07, 1.1478760558828803e-06, 2.198803451691093e-06], [0.011725775301256734, 0.0018753389865740768, 4.9876238895071864e-05, 1.063478048783396e-06, 0.9743683704810487, 2.2023934810305248e-06, 0.011725775301256734, 1.063478048783396e-06, 0.00018301071717106865, 6.302583457179691e-05, 4.3299011597355985e-06, 1.678884874584022e-07], [1.0630568137098161e-06, 6.300087054729855e-05, 0.0022487921852420456, 0.011721130816278921, 2.201521130744503e-06, 0.9739824310319898, 1.0630568137098161e-06, 0.011721130816278921, 1.678219881832656e-07, 5.2600921442116965e-06, 7.082050266963664e-05, 0.00018293822810276893], [0.00014057569508791045, 4.9687137598431795e-05, 3.5957266502448184e-06, 1.4496631103750587e-07, 0.011681318073472526, 1.0594459669258151e-06, 0.9706741399948513, 2.1940433032264065e-06, 0.015149852861399167, 0.002241153793836011, 5.5132870482673126e-05, 1.1453910404801355e-06], [1.4489835708740716e-07, 4.3114627514689465e-06, 5.510702657243794e-05, 0.0001405097992690769, 1.058949344380525e-06, 0.011675842375706812, 2.1930148304172775e-06, 0.9702191298507754, 1.144854130593616e-06, 7.054686438535214e-05, 0.0026872596396556965, 0.015142751264221323], [2.198803451691093e-06, 1.061744517772767e-06, 1.452808267819771e-07, 1.0111451624804435e-08, 0.0001827123990686344, 1.6761481946904435e-07, 0.015182721651514824, 1.1478760558828803e-06, 0.9727800934235792, 0.011706661606214648, 0.00014088068504784464, 2.198803451691093e-06], [1.0630568137098161e-06, 2.201521130744503e-06, 1.0630568137098161e-06, 1.678219881832656e-07, 6.300087054729855e-05, 5.2600921442116965e-06, 0.0022487921852420456, 7.082050266963664e-05, 0.011721130816278921, 0.9739824310319898, 0.011721130816278921, 0.00018293822810276893], [1.4489835708740716e-07, 1.058949344380525e-06, 2.1930148304172775e-06, 1.144854130593616e-06, 4.3114627514689465e-06, 7.054686438535214e-05, 5.510702657243794e-05, 0.0026872596396556965, 0.0001405097992690769, 0.011675842375706812, 0.9702191298507754, 0.015142751264221323], [1.007600423962383e-08, 1.670272176796908e-07, 1.1438519843447584e-06, 2.191095178360947e-06, 1.670272176796908e-07, 0.00018207187018837252, 1.1438519843447584e-06, 0.015129496080900322, 2.191095178360947e-06, 0.00018207187018837252, 0.015129496080900322, 0.9693698500730575]]