[[0.9051477011867876, 0.04506465048200149, 0.0022436368345213013, 0.00011170410047296988, 5.5614196872184944e-06, 2.768867821899318e-07, 0.04506465048200149, 2.0512277331223186e-07, 0.0022436368345213013, 8.723526759787186e-08, 0.00011170410047296988, 2.295667385647436e-08, 5.5614196872184944e-06, 4.090260639563148e-09, 2.768867821899318e-07, 2.0512277331223186e-07, 8.723526759787186e-08, 2.295667385647436e-08, 4.090260639563148e-09, 5.563312960818174e-10], [0.04453901434167935, 0.8945900170821854, 0.04453901434167935, 0.002217466952066463, 0.00011040117874601188, 5.496551034120462e-06, 0.012824604236792542, 3.777720596078425e-06, 0.001095669434145674, 1.3419460154905904e-06, 6.831441584385323e-05, 2.7365716212320873e-07, 3.777720596078425e-06, 3.8354662186146223e-08, 2.0273021192092412e-07, 2.7365716212320873e-07, 2.0273021192092412e-07, 8.621775145451626e-08, 2.2688906164691847e-08, 4.0425516527520725e-09], [0.002240765772931853, 0.04500698366843788, 0.9039894322737133, 0.04500698366843788, 0.002240765772931853, 0.00011156115873332768, 0.0011071815813053212, 6.903219219483174e-05, 0.00018578181533657093, 1.8166385745721845e-05, 1.8166385745721845e-05, 2.6633186270683754e-06, 1.3560457790955465e-06, 2.7653246504165724e-07, 8.712363730985384e-08, 2.0486028871289007e-07, 2.7653246504165724e-07, 2.0486028871289007e-07, 8.712363730985384e-08, 2.2927297433553906e-08], [0.00011156115873332768, 0.002240765772931853, 0.04500698366843788, 0.9039894322737133, 0.04500698366843788, 0.002240765772931853, 6.903219219483174e-05, 0.0011071815813053212, 1.8166385745721845e-05, 0.00018578181533657093, 2.6633186270683754e-06, 1.8166385745721845e-05, 2.7653246504165724e-07, 1.3560457790955465e-06, 2.2927297433553906e-08, 8.712363730985384e-08, 2.0486028871289007e-07, 2.7653246504165724e-07, 2.0486028871289007e-07, 8.712363730985384e-08], [5.496551034120461e-06, 0.00011040117874601186, 0.0022174669520664625, 0.044539014341679346, 0.8945900170821853, 0.044539014341679346, 3.7777205960784243e-06, 0.01282460423679254, 1.3419460154905902e-06, 0.001095669434145674, 2.7365716212320873e-07, 6.831441584385322e-05, 3.835466218614622e-08, 3.7777205960784243e-06, 4.0425516527520725e-09, 2.2688906164691844e-08, 8.621775145451625e-08, 2.027302119209241e-07, 2.7365716212320873e-07, 2.027302119209241e-07], [2.768867821899318e-07, 5.5614196872184944e-06, 0.00011170410047296988, 0.0022436368345213013, 0.04506465048200149, 0.9051477011867876, 2.0512277331223186e-07, 0.04506465048200149, 8.723526759787186e-08, 0.0022436368345213013, 2.295667385647436e-08, 0.00011170410047296988, 4.090260639563148e-09, 5.5614196872184944e-06, 5.563312960818174e-10, 4.090260639563148e-09, 2.295667385647436e-08, 8.723526759787186e-08, 2.0512277331223186e-07, 2.768867821899318e-07], [0.04453901434167936, 0.012824604236792544, 0.0010956694341456741, 6.831441584385323e-05, 3.7777205960784255e-06, 2.0273021192092414e-07, 0.8945900170821856, 2.736571621232088e-07, 0.04453901434167936, 2.0273021192092414e-07, 0.002217466952066463, 8.621775145451627e-08, 0.00011040117874601189, 2.268890616469185e-08, 5.4965510341204626e-06, 3.7777205960784255e-06, 1.3419460154905906e-06, 2.736571621232088e-07, 3.835466218614623e-08, 4.042551652752073e-09], [2.027302119209241e-07, 3.7777205960784243e-06, 6.831441584385322e-05, 0.001095669434145674, 0.01282460423679254, 0.044539014341679346, 2.7365716212320873e-07, 0.8945900170821853, 2.027302119209241e-07, 0.044539014341679346, 8.621775145451625e-08, 0.0022174669520664625, 2.2688906164691844e-08, 0.00011040117874601186, 4.0425516527520725e-09, 3.835466218614622e-08, 2.7365716212320873e-07, 1.3419460154905902e-06, 3.7777205960784243e-06, 5.496551034120461e-06], [0.002240765772931853, 0.0011071815813053212, 0.00018578181533657093, 1.8166385745721845e-05, 1.3560457790955465e-06, 8.712363730985384e-08, 0.04500698366843788, 2.0486028871289007e-07, 0.9039894322737133, 2.7653246504165724e-07, 0.04500698366843788, 2.0486028871289007e-07, 0.002240765772931853, 8.712363730985384e-08, 0.00011156115873332768, 6.903219219483174e-05, 1.8166385745721845e-05, 2.6633186270683754e-06, 2.7653246504165724e-07, 2.2927297433553906e-08], [8.712363730985384e-08, 1.3560457790955465e-06, 1.8166385745721845e-05, 0.00018578181533657093, 0.0011071815813053212, 0.002240765772931853, 2.0486028871289007e-07, 0.04500698366843788, 2.7653246504165724e-07, 0.9039894322737133, 2.0486028871289007e-07, 0.04500698366843788, 8.712363730985384e-08, 0.002240765772931853, 2.2927297433553906e-08, 2.7653246504165724e-07, 2.6633186270683754e-06, 1.8166385745721845e-05, 6.903219219483174e-05, 0.00011156115873332768], [0.0001115611587333277, 6.903219219483176e-05, 1.816638574572185e-05, 2.6633186270683758e-06, 2.7653246504165724e-07, 2.292729743355391e-08, 0.0022407657729318535, 8.712363730985384e-08, 0.04500698366843789, 2.048602887128901e-07, 0.9039894322737134, 2.7653246504165724e-07, 0.04500698366843789, 2.048602887128901e-07, 0.0022407657729318535, 0.0011071815813053214, 0.00018578181533657095, 1.816638574572185e-05, 1.3560457790955468e-06, 8.712363730985384e-08], [2.292729743355391e-08, 2.7653246504165724e-07, 2.6633186270683758e-06, 1.816638574572185e-05, 6.903219219483176e-05, 0.0001115611587333277, 8.712363730985384e-08, 0.0022407657729318535, 2.048602887128901e-07, 0.04500698366843789, 2.7653246504165724e-07, 0.9039894322737134, 2.048602887128901e-07, 0.04500698366843789, 8.712363730985384e-08, 1.3560457790955468e-06, 1.816638574572185e-05, 0.00018578181533657095, 0.0011071815813053214, 0.0022407657729318535], [5.496551034120461e-06, 3.7777205960784243e-06, 1.3419460154905902e-06, 2.7365716212320873e-07, 3.835466218614622e-08, 4.0425516527520725e-09, 0.00011040117874601186, 2.2688906164691844e-08, 0.0022174669520664625, 8.621775145451625e-08, 0.044539014341679346, 2.027302119209241e-07, 0.8945900170821853, 2.7365716212320873e-07, 0.044539014341679346, 0.01282460423679254, 0.001095669434145674, 6.831441584385322e-05, 3.7777205960784243e-06, 2.027302119209241e-07], [4.0425516527520725e-09, 3.835466218614622e-08, 2.7365716212320873e-07, 1.3419460154905902e-06, 3.7777205960784243e-06, 5.496551034120461e-06, 2.2688906164691844e-08, 0.00011040117874601186, 8.621775145451625e-08, 0.0022174669520664625, 2.027302119209241e-07, 0.044539014341679346, 2.7365716212320873e-07, 0.8945900170821853, 2.027302119209241e-07, 3.7777205960784243e-06, 6.831441584385322e-05, 0.001095669434145674, 0.01282460423679254, 0.044539014341679346], [2.768867821899318e-07, 2.0512277331223186e-07, 8.723526759787186e-08, 2.295667385647436e-08, 4.090260639563148e-09, 5.563312960818174e-10, 5.5614196872184944e-06, 4.090260639563148e-09, 0.00011170410047296988, 2.295667385647436e-08, 0.0022436368345213013, 8.723526759787186e-08, 0.04506465048200149, 2.0512277331223186e-07, 0.9051477011867876, 0.04506465048200149, 0.0022436368345213013, 0.00011170410047296988, 5.5614196872184944e-06, 2.768867821899318e-07], [2.0273021192092412e-07, 2.7365716212320873e-07, 2.0273021192092412e-07, 8.621775145451626e-08, 2.2688906164691847e-08, 4.0425516527520725e-09, 3.777720596078425e-06, 3.8354662186146223e-08, 6.831441584385323e-05, 2.7365716212320873e-07, 0.001095669434145674, 1.3419460154905904e-06, 0.012824604236792542, 3.777720596078425e-06, 0.04453901434167935, 0.8945900170821854, 0.04453901434167935, 0.002217466952066463, 0.00011040117874601188, 5.496551034120462e-06], [8.712363730985384e-08, 2.0486028871289007e-07, 2.7653246504165724e-07, 2.0486028871289007e-07, 8.712363730985384e-08, 2.2927297433553906e-08, 1.3560457790955465e-06, 2.7653246504165724e-07, 1.8166385745721845e-05, 2.6633186270683754e-06, 0.00018578181533657093, 1.8166385745721845e-05, 0.0011071815813053212, 6.903219219483174e-05, 0.002240765772931853, 0.04500698366843788, 0.9039894322737133, 0.04500698366843788, 0.002240765772931853, 0.00011156115873332768], [2.2927297433553906e-08, 8.712363730985384e-08, 2.0486028871289007e-07, 2.7653246504165724e-07, 2.0486028871289007e-07, 8.712363730985384e-08, 2.7653246504165724e-07, 1.3560457790955465e-06, 2.6633186270683754e-06, 1.8166385745721845e-05, 1.8166385745721845e-05, 0.00018578181533657093, 6.903219219483174e-05, 0.0011071815813053212, 0.00011156115873332768, 0.002240765772931853, 0.04500698366843788, 0.9039894322737133, 0.04500698366843788, 0.002240765772931853], [4.0425516527520725e-09, 2.2688906164691844e-08, 8.621775145451625e-08, 2.027302119209241e-07, 2.7365716212320873e-07, 2.027302119209241e-07, 3.835466218614622e-08, 3.7777205960784243e-06, 2.7365716212320873e-07, 6.831441584385322e-05, 1.3419460154905902e-06, 0.001095669434145674, 3.7777205960784243e-06, 0.01282460423679254, 5.496551034120461e-06, 0.00011040117874601186, 0.0022174669520664625, 0.044539014341679346, 0.8945900170821853, 0.044539014341679346], [5.563312960818174e-10, 4.090260639563148e-09, 2.295667385647436e-08, 8.723526759787186e-08, 2.0512277331223186e-07, 2.768867821899318e-07, 4.090260639563148e-09, 5.5614196872184944e-06, 2.295667385647436e-08, 0.00011170410047296988, 8.723526759787186e-08, 0.0022436368345213013, 2.0512277331223186e-07, 0.04506465048200149, 2.768867821899318e-07, 5.5614196872184944e-06, 0.00011170410047296988, 0.0022436368345213013, 0.04506465048200149, 0.9051477011867876]]