[[0.9667381524381504, 0.01634509210750779, 0.0002763540833979921, 5.939844498644183e-06, 0.01634509210750779, 3.0333965168012437e-06, 0.0002763540833979921, 4.836871112624059e-07, 5.939844498644183e-06, 3.0333965168012437e-06, 4.836871112624059e-07, 4.132378463422887e-08], [0.01629538468522752, 0.9637981835923574, 0.01629538468522752, 0.000350246502189164, 0.0030008090017761987, 0.00013092664421750198, 0.0001054922192018707, 1.1052285051269037e-05, 3.0241715873476568e-06, 5.921780705743461e-06, 3.0241715873476568e-06, 5.502608714686525e-07], [0.00027417623133795926, 0.01621628202415361, 0.9591196195367651, 0.02061493474457759, 0.00010498012848277126, 0.0035325352020440415, 9.297737395027829e-06, 0.00011555782796666297, 4.798753384862566e-07, 3.0094913558143585e-06, 5.893034614677253e-06, 3.234165968439752e-06], [5.913182856727933e-06, 0.0003497379783694423, 0.02068541705500866, 0.9623988424691831, 3.0197807846487582e-06, 0.01627172537325103, 4.815160287428338e-07, 0.0002751136378584948, 4.1138298305623215e-08, 5.494619462589683e-07, 3.2452235581240043e-06, 5.913182856727933e-06], [0.016295384685227517, 0.0030008090017761982, 0.00010549221920187068, 3.0241715873476564e-06, 0.9637981835923572, 5.92178070574346e-06, 0.016295384685227517, 3.0241715873476564e-06, 0.00035024650218916397, 0.00013092664421750195, 1.1052285051269036e-05, 5.502608714686524e-07], [3.0223838356904995e-06, 0.00013084924638526746, 0.003547668370283958, 0.01628575160055173, 5.918280020360955e-06, 0.9632284302731041, 3.0223838356904995e-06, 0.01628575160055173, 5.499355824576213e-07, 1.3224165420869462e-05, 0.0001457723079210257, 0.00035003945250741914], [0.00027417623133795926, 0.00010498012848277126, 9.297737395027829e-06, 4.798753384862566e-07, 0.01621628202415361, 3.0094913558143585e-06, 0.9591196195367651, 5.893034614677253e-06, 0.02061493474457759, 0.0035325352020440415, 0.00011555782796666297, 3.234165968439752e-06], [4.795453627098508e-07, 1.0991070990784495e-05, 0.00011547836715477098, 0.00027398770005170243, 3.0074219449339125e-06, 0.01620513125264655, 5.888982398369372e-06, 0.9584601019167911, 3.231942064978017e-06, 0.00014505068238799618, 0.004175891782432416, 0.020600759335773804], [5.913182856727932e-06, 3.0197807846487574e-06, 4.815160287428336e-07, 4.11382983056232e-08, 0.0003497379783694422, 5.494619462589681e-07, 0.02068541705500865, 3.2452235581240035e-06, 0.9623988424691827, 0.016271725373251028, 0.00027511363785849476, 5.913182856727932e-06], [3.022383835690499e-06, 5.918280020360954e-06, 3.022383835690499e-06, 5.499355824576212e-07, 0.00013084924638526743, 1.322416542086946e-05, 0.0035476683702839575, 0.00014577230792102569, 0.016285751600551727, 0.963228430273104, 0.016285751600551727, 0.0003500394525074191], [4.795453627098508e-07, 3.0074219449339125e-06, 5.888982398369372e-06, 3.231942064978017e-06, 1.0991070990784495e-05, 0.00014505068238799618, 0.00011547836715477098, 0.004175891782432416, 0.00027398770005170243, 0.01620513125264655, 0.9584601019167911, 0.020600759335773804], [4.095446968756275e-08, 5.470066470750496e-07, 3.230722108463758e-06, 5.886759492669082e-06, 5.470066470750496e-07, 0.00034817515608716706, 3.230722108463758e-06, 0.020592983196831623, 5.886759492669082e-06, 0.00034817515608716706, 0.020592983196831623, 0.9580983133631963]]