[[0.10488257215483476, 0.08587058728508365, 0.0703048905951651, 0.057560776022044645, 0.04712677750028166, 0.038584142032944094, 0.08587058728508365, 0.03782012483137121, 0.0703048905951651, 0.035724665618414836, 0.057560776022044645, 0.03268255220843422, 0.04712677750028166, 0.029132120535065704, 0.038584142032944094, 0.03782012483137121, 0.035724665618414836, 0.03268255220843422, 0.029132120535065704, 0.02550415458755512], [0.0800664149845773, 0.09779334009815945, 0.0800664149845773, 0.06555283623657718, 0.05367012297837045, 0.04394138020386913, 0.07368921688485829, 0.042856463661039124, 0.0625431349296237, 0.03999908094864975, 0.05197986736555176, 0.0359761593055997, 0.042856463661039124, 0.0315589263971958, 0.03526378362202131, 0.0359761593055997, 0.03526378362202131, 0.03330996087278567, 0.030473470260406154, 0.027163019677477737], [0.06368861531884255, 0.07778945041383635, 0.09501224929122347, 0.07778945041383635, 0.06368861531884255, 0.05214382798248986, 0.060764505245688744, 0.050501640615846874, 0.0539472017665629, 0.046201202375655274, 0.046201202375655274, 0.040650284030765836, 0.03886156916921242, 0.03495305317369706, 0.032362677286094425, 0.034260936348878335, 0.03495305317369706, 0.034260936348878335, 0.032362677286094425, 0.02960685206420194], [0.05214382798248987, 0.06368861531884257, 0.07778945041383636, 0.09501224929122348, 0.07778945041383636, 0.06368861531884257, 0.05050164061584688, 0.06076450524568876, 0.04620120237565528, 0.053947201766562904, 0.04065028403076584, 0.04620120237565528, 0.03495305317369707, 0.03886156916921242, 0.029606852064201942, 0.03236267728609443, 0.03426093634887834, 0.03495305317369707, 0.03426093634887834, 0.03236267728609443], [0.04394138020386913, 0.05367012297837045, 0.06555283623657718, 0.0800664149845773, 0.09779334009815945, 0.0800664149845773, 0.042856463661039124, 0.07368921688485829, 0.03999908094864975, 0.0625431349296237, 0.0359761593055997, 0.05197986736555176, 0.0315589263971958, 0.042856463661039124, 0.027163019677477737, 0.030473470260406154, 0.03330996087278567, 0.03526378362202131, 0.0359761593055997, 0.03526378362202131], [0.038584142032944094, 0.04712677750028166, 0.057560776022044645, 0.0703048905951651, 0.08587058728508365, 0.10488257215483476, 0.03782012483137121, 0.08587058728508365, 0.035724665618414836, 0.0703048905951651, 0.03268255220843422, 0.057560776022044645, 0.029132120535065704, 0.04712677750028166, 0.02550415458755512, 0.029132120535065704, 0.03268255220843422, 0.035724665618414836, 0.03782012483137121, 0.038584142032944094], [0.08006641498457731, 0.0736892168848583, 0.06254313492962371, 0.051979867365551775, 0.04285646366103913, 0.035263783622021316, 0.09779334009815946, 0.035976159305599706, 0.08006641498457731, 0.035263783622021316, 0.06555283623657718, 0.03330996087278567, 0.053670122978370455, 0.030473470260406157, 0.04394138020386914, 0.04285646366103913, 0.039999080948649755, 0.035976159305599706, 0.031558926397195805, 0.02716301967747774], [0.035263783622021316, 0.04285646366103913, 0.051979867365551775, 0.06254313492962371, 0.0736892168848583, 0.08006641498457731, 0.035976159305599706, 0.09779334009815946, 0.035263783622021316, 0.08006641498457731, 0.03330996087278567, 0.06555283623657718, 0.030473470260406157, 0.053670122978370455, 0.02716301967747774, 0.031558926397195805, 0.035976159305599706, 0.039999080948649755, 0.04285646366103913, 0.04394138020386914], [0.06368861531884257, 0.06076450524568876, 0.053947201766562904, 0.04620120237565528, 0.03886156916921242, 0.03236267728609443, 0.07778945041383636, 0.03426093634887834, 0.09501224929122348, 0.03495305317369707, 0.07778945041383636, 0.03426093634887834, 0.06368861531884257, 0.03236267728609443, 0.05214382798248987, 0.05050164061584688, 0.04620120237565528, 0.04065028403076584, 0.03495305317369707, 0.029606852064201942], [0.03236267728609443, 0.03886156916921242, 0.04620120237565528, 0.053947201766562904, 0.06076450524568876, 0.06368861531884257, 0.03426093634887834, 0.07778945041383636, 0.03495305317369707, 0.09501224929122348, 0.03426093634887834, 0.07778945041383636, 0.03236267728609443, 0.06368861531884257, 0.029606852064201942, 0.03495305317369707, 0.04065028403076584, 0.04620120237565528, 0.05050164061584688, 0.05214382798248987], [0.05214382798248985, 0.05050164061584687, 0.04620120237565527, 0.04065028403076583, 0.034953053173697055, 0.029606852064201935, 0.06368861531884255, 0.03236267728609442, 0.07778945041383634, 0.03426093634887833, 0.09501224929122346, 0.034953053173697055, 0.07778945041383634, 0.03426093634887833, 0.06368861531884255, 0.06076450524568874, 0.05394720176656289, 0.04620120237565527, 0.038861569169212413, 0.03236267728609442], [0.02960685206420194, 0.03495305317369706, 0.040650284030765836, 0.046201202375655274, 0.050501640615846874, 0.05214382798248986, 0.032362677286094425, 0.06368861531884255, 0.034260936348878335, 0.07778945041383635, 0.03495305317369706, 0.09501224929122347, 0.034260936348878335, 0.07778945041383635, 0.032362677286094425, 0.03886156916921242, 0.046201202375655274, 0.0539472017665629, 0.060764505245688744, 0.06368861531884255], [0.04394138020386914, 0.04285646366103913, 0.039999080948649755, 0.035976159305599706, 0.031558926397195805, 0.02716301967747774, 0.053670122978370455, 0.030473470260406157, 0.06555283623657718, 0.03330996087278567, 0.08006641498457731, 0.035263783622021316, 0.09779334009815946, 0.035976159305599706, 0.08006641498457731, 0.0736892168848583, 0.06254313492962371, 0.051979867365551775, 0.04285646366103913, 0.035263783622021316], [0.02716301967747774, 0.031558926397195805, 0.035976159305599706, 0.039999080948649755, 0.04285646366103913, 0.04394138020386914, 0.030473470260406157, 0.053670122978370455, 0.03330996087278567, 0.06555283623657718, 0.035263783622021316, 0.08006641498457731, 0.035976159305599706, 0.09779334009815946, 0.035263783622021316, 0.04285646366103913, 0.051979867365551775, 0.06254313492962371, 0.0736892168848583, 0.08006641498457731], [0.03858414203294409, 0.037820124831371205, 0.03572466561841483, 0.03268255220843421, 0.0291321205350657, 0.025504154587555117, 0.047126777500281644, 0.0291321205350657, 0.05756077602204464, 0.03268255220843421, 0.07030489059516509, 0.03572466561841483, 0.08587058728508364, 0.037820124831371205, 0.10488257215483474, 0.08587058728508364, 0.07030489059516509, 0.05756077602204464, 0.047126777500281644, 0.03858414203294409], [0.03526378362202131, 0.0359761593055997, 0.03526378362202131, 0.03330996087278567, 0.030473470260406154, 0.027163019677477737, 0.042856463661039124, 0.0315589263971958, 0.05197986736555176, 0.0359761593055997, 0.0625431349296237, 0.03999908094864975, 0.07368921688485829, 0.042856463661039124, 0.0800664149845773, 0.09779334009815945, 0.0800664149845773, 0.06555283623657718, 0.05367012297837045, 0.04394138020386913], [0.032362677286094425, 0.034260936348878335, 0.03495305317369706, 0.034260936348878335, 0.032362677286094425, 0.02960685206420194, 0.03886156916921242, 0.03495305317369706, 0.046201202375655274, 0.040650284030765836, 0.0539472017665629, 0.046201202375655274, 0.060764505245688744, 0.050501640615846874, 0.06368861531884255, 0.07778945041383635, 0.09501224929122347, 0.07778945041383635, 0.06368861531884255, 0.05214382798248986], [0.02960685206420194, 0.032362677286094425, 0.034260936348878335, 0.03495305317369706, 0.034260936348878335, 0.032362677286094425, 0.03495305317369706, 0.03886156916921242, 0.040650284030765836, 0.046201202375655274, 0.046201202375655274, 0.0539472017665629, 0.050501640615846874, 0.060764505245688744, 0.05214382798248986, 0.06368861531884255, 0.07778945041383635, 0.09501224929122347, 0.07778945041383635, 0.06368861531884255], [0.027163019677477737, 0.030473470260406154, 0.03330996087278567, 0.03526378362202131, 0.0359761593055997, 0.03526378362202131, 0.0315589263971958, 0.042856463661039124, 0.0359761593055997, 0.05197986736555176, 0.03999908094864975, 0.0625431349296237, 0.042856463661039124, 0.07368921688485829, 0.04394138020386913, 0.05367012297837045, 0.06555283623657718, 0.0800664149845773, 0.09779334009815945, 0.0800664149845773], [0.025504154587555117, 0.0291321205350657, 0.03268255220843421, 0.03572466561841483, 0.037820124831371205, 0.03858414203294409, 0.0291321205350657, 0.047126777500281644, 0.03268255220843421, 0.05756077602204464, 0.03572466561841483, 0.07030489059516509, 0.037820124831371205, 0.08587058728508364, 0.03858414203294409, 0.047126777500281644, 0.05756077602204464, 0.07030489059516509, 0.08587058728508364, 0.10488257215483474]]