[[0.8336438634902924, 0.0756264650681177, 0.006860678125492898, 0.0006223866777221587, 5.646164555755141e-05, 5.122084924333318e-06, 0.0756264650681177, 4.029174708229559e-06, 0.006860678125492898, 2.0330996871445854e-06, 0.0006223866777221587, 6.987666461421151e-07, 5.646164555755141e-05, 1.7579470176285216e-07, 5.122084924333318e-06, 4.029174708229559e-06, 2.0330996871445854e-06, 6.987666461421151e-07, 1.7579470176285216e-07, 3.563459183816925e-08], [0.07379483162481036, 0.8134534449800337, 0.07379483162481036, 0.006694516088339616, 0.0006073127977972138, 5.5094174022630044e-05, 0.02725640929582943, 4.081476796937372e-05, 0.003808702945668241, 1.783288056355577e-05, 0.00041365983270801976, 4.99803070550372e-06, 4.081476796937372e-05, 1.0377386553800935e-06, 3.93159020341535e-06, 4.99803070550372e-06, 3.93159020341535e-06, 1.983859075710512e-06, 6.818428833166439e-07, 1.7153704599889363e-07], [0.006827443782288781, 0.07526011704108394, 0.8296055445715993, 0.07526011704108394, 0.006827443782288781, 0.0006193717261277633, 0.003884329337900968, 0.0004218735477720629, 0.0009314156371772233, 0.00014499592220526268, 0.00014499592220526268, 3.12089720537864e-05, 1.8186973922732726e-05, 5.0972726353464045e-06, 2.023250991208877e-06, 4.009656670415618e-06, 5.0972726353464045e-06, 4.009656670415618e-06, 2.023250991208877e-06, 6.953816964166376e-07], [0.0006193717261277633, 0.006827443782288781, 0.07526011704108394, 0.8296055445715993, 0.07526011704108394, 0.006827443782288781, 0.0004218735477720629, 0.003884329337900968, 0.00014499592220526268, 0.0009314156371772233, 3.12089720537864e-05, 0.00014499592220526268, 5.0972726353464045e-06, 1.8186973922732726e-05, 6.953816964166376e-07, 2.023250991208877e-06, 4.009656670415618e-06, 5.0972726353464045e-06, 4.009656670415618e-06, 2.023250991208877e-06], [5.5094174022630044e-05, 0.0006073127977972138, 0.006694516088339616, 0.07379483162481036, 0.8134534449800337, 0.07379483162481036, 4.081476796937372e-05, 0.02725640929582943, 1.783288056355577e-05, 0.003808702945668241, 4.99803070550372e-06, 0.00041365983270801976, 1.0377386553800935e-06, 4.081476796937372e-05, 1.7153704599889363e-07, 6.818428833166439e-07, 1.983859075710512e-06, 3.93159020341535e-06, 4.99803070550372e-06, 3.93159020341535e-06], [5.122084924333318e-06, 5.646164555755141e-05, 0.0006223866777221587, 0.006860678125492898, 0.0756264650681177, 0.8336438634902924, 4.029174708229559e-06, 0.0756264650681177, 2.0330996871445854e-06, 0.006860678125492898, 6.987666461421151e-07, 0.0006223866777221587, 1.7579470176285216e-07, 5.646164555755141e-05, 3.563459183816925e-08, 1.7579470176285216e-07, 6.987666461421151e-07, 2.0330996871445854e-06, 4.029174708229559e-06, 5.122084924333318e-06], [0.07379483162481036, 0.02725640929582943, 0.003808702945668241, 0.00041365983270801976, 4.081476796937372e-05, 3.93159020341535e-06, 0.8134534449800337, 4.99803070550372e-06, 0.07379483162481036, 3.93159020341535e-06, 0.006694516088339616, 1.983859075710512e-06, 0.0006073127977972138, 6.818428833166439e-07, 5.5094174022630044e-05, 4.081476796937372e-05, 1.783288056355577e-05, 4.99803070550372e-06, 1.0377386553800935e-06, 1.7153704599889363e-07], [3.931590203415351e-06, 4.081476796937372e-05, 0.0004136598327080198, 0.0038087029456682414, 0.027256409295829433, 0.07379483162481038, 4.9980307055037205e-06, 0.8134534449800337, 3.931590203415351e-06, 0.07379483162481038, 1.983859075710512e-06, 0.006694516088339617, 6.81842883316644e-07, 0.0006073127977972138, 1.7153704599889366e-07, 1.0377386553800937e-06, 4.9980307055037205e-06, 1.7832880563555772e-05, 4.081476796937372e-05, 5.509417402263005e-05], [0.006827443782288781, 0.003884329337900968, 0.0009314156371772233, 0.00014499592220526268, 1.8186973922732726e-05, 2.023250991208877e-06, 0.07526011704108394, 4.009656670415618e-06, 0.8296055445715993, 5.0972726353464045e-06, 0.07526011704108394, 4.009656670415618e-06, 0.006827443782288781, 2.023250991208877e-06, 0.0006193717261277633, 0.0004218735477720629, 0.00014499592220526268, 3.12089720537864e-05, 5.0972726353464045e-06, 6.953816964166376e-07], [2.023250991208877e-06, 1.8186973922732726e-05, 0.00014499592220526268, 0.0009314156371772233, 0.003884329337900968, 0.006827443782288781, 4.009656670415618e-06, 0.07526011704108394, 5.0972726353464045e-06, 0.8296055445715993, 4.009656670415618e-06, 0.07526011704108394, 2.023250991208877e-06, 0.006827443782288781, 6.953816964166376e-07, 5.0972726353464045e-06, 3.12089720537864e-05, 0.00014499592220526268, 0.0004218735477720629, 0.0006193717261277633], [0.0006193717261277633, 0.00042187354777206286, 0.00014499592220526265, 3.12089720537864e-05, 5.097272635346404e-06, 6.953816964166375e-07, 0.0068274437822887805, 2.023250991208877e-06, 0.07526011704108394, 4.009656670415618e-06, 0.8296055445715992, 5.097272635346404e-06, 0.07526011704108394, 4.009656670415618e-06, 0.0068274437822887805, 0.003884329337900967, 0.0009314156371772232, 0.00014499592220526265, 1.8186973922732722e-05, 2.023250991208877e-06], [6.953816964166375e-07, 5.097272635346404e-06, 3.12089720537864e-05, 0.00014499592220526265, 0.00042187354777206286, 0.0006193717261277633, 2.023250991208877e-06, 0.0068274437822887805, 4.009656670415618e-06, 0.07526011704108394, 5.097272635346404e-06, 0.8296055445715992, 4.009656670415618e-06, 0.07526011704108394, 2.023250991208877e-06, 1.8186973922732722e-05, 0.00014499592220526265, 0.0009314156371772232, 0.003884329337900967, 0.0068274437822887805], [5.509417402263004e-05, 4.0814767969373715e-05, 1.7832880563555765e-05, 4.998030705503719e-06, 1.0377386553800933e-06, 1.715370459988936e-07, 0.0006073127977972136, 6.818428833166439e-07, 0.006694516088339615, 1.9838590757105116e-06, 0.07379483162481035, 3.931590203415349e-06, 0.8134534449800336, 4.998030705503719e-06, 0.07379483162481035, 0.027256409295829426, 0.0038087029456682405, 0.0004136598327080197, 4.0814767969373715e-05, 3.931590203415349e-06], [1.715370459988936e-07, 1.0377386553800933e-06, 4.998030705503719e-06, 1.7832880563555765e-05, 4.0814767969373715e-05, 5.509417402263004e-05, 6.818428833166439e-07, 0.0006073127977972136, 1.9838590757105116e-06, 0.006694516088339615, 3.931590203415349e-06, 0.07379483162481035, 4.998030705503719e-06, 0.8134534449800336, 3.931590203415349e-06, 4.0814767969373715e-05, 0.0004136598327080197, 0.0038087029456682405, 0.027256409295829426, 0.07379483162481035], [5.122084924333318e-06, 4.029174708229559e-06, 2.0330996871445854e-06, 6.987666461421151e-07, 1.7579470176285216e-07, 3.563459183816925e-08, 5.646164555755141e-05, 1.7579470176285216e-07, 0.0006223866777221587, 6.987666461421151e-07, 0.006860678125492898, 2.0330996871445854e-06, 0.0756264650681177, 4.029174708229559e-06, 0.8336438634902924, 0.0756264650681177, 0.006860678125492898, 0.0006223866777221587, 5.646164555755141e-05, 5.122084924333318e-06], [3.93159020341535e-06, 4.99803070550372e-06, 3.93159020341535e-06, 1.983859075710512e-06, 6.818428833166439e-07, 1.7153704599889363e-07, 4.081476796937372e-05, 1.0377386553800935e-06, 0.00041365983270801976, 4.99803070550372e-06, 0.003808702945668241, 1.783288056355577e-05, 0.02725640929582943, 4.081476796937372e-05, 0.07379483162481036, 0.8134534449800337, 0.07379483162481036, 0.006694516088339616, 0.0006073127977972138, 5.5094174022630044e-05], [2.023250991208877e-06, 4.009656670415618e-06, 5.0972726353464045e-06, 4.009656670415618e-06, 2.023250991208877e-06, 6.953816964166376e-07, 1.8186973922732726e-05, 5.0972726353464045e-06, 0.00014499592220526268, 3.12089720537864e-05, 0.0009314156371772233, 0.00014499592220526268, 0.003884329337900968, 0.0004218735477720629, 0.006827443782288781, 0.07526011704108394, 0.8296055445715993, 0.07526011704108394, 0.006827443782288781, 0.0006193717261277633], [6.953816964166375e-07, 2.023250991208877e-06, 4.009656670415618e-06, 5.097272635346404e-06, 4.009656670415618e-06, 2.023250991208877e-06, 5.097272635346404e-06, 1.8186973922732722e-05, 3.12089720537864e-05, 0.00014499592220526265, 0.00014499592220526265, 0.0009314156371772232, 0.00042187354777206286, 0.003884329337900967, 0.0006193717261277633, 0.0068274437822887805, 0.07526011704108394, 0.8296055445715992, 0.07526011704108394, 0.0068274437822887805], [1.7153704599889363e-07, 6.818428833166439e-07, 1.983859075710512e-06, 3.93159020341535e-06, 4.99803070550372e-06, 3.93159020341535e-06, 1.0377386553800935e-06, 4.081476796937372e-05, 4.99803070550372e-06, 0.00041365983270801976, 1.783288056355577e-05, 0.003808702945668241, 4.081476796937372e-05, 0.02725640929582943, 5.5094174022630044e-05, 0.0006073127977972138, 0.006694516088339616, 0.07379483162481036, 0.8134534449800337, 0.07379483162481036], [3.563459183816925e-08, 1.7579470176285216e-07, 6.987666461421151e-07, 2.0330996871445854e-06, 4.029174708229559e-06, 5.122084924333318e-06, 1.7579470176285216e-07, 5.646164555755141e-05, 6.987666461421151e-07, 0.0006223866777221587, 2.0330996871445854e-06, 0.006860678125492898, 4.029174708229559e-06, 0.0756264650681177, 5.122084924333318e-06, 5.646164555755141e-05, 0.0006223866777221587, 0.006860678125492898, 0.0756264650681177, 0.8336438634902924]]