[[0.9993292656410664, 0.00033523762159183963, 1.1245969351098631e-07, 0.00033523762159183963, 1.7023502300170984e-08, 1.1245969351098631e-07, 1.7023502300170984e-08, 1.4935860457983403e-10], [0.00033522946825335713, 0.9993049608815959, 0.00033522946825335713, 1.2216839381374799e-05, 1.2216839381374799e-05, 1.70230882703382e-08, 1.124569583706328e-07, 1.70230882703382e-08], [1.1245969351098628e-07, 0.0003352376215918396, 0.9993292656410663, 1.702350230017098e-08, 0.0003352376215918396, 1.4935860457983403e-10, 1.702350230017098e-08, 1.1245969351098628e-07], [0.0003352294682533571, 1.2216839381374797e-05, 1.7023088270338196e-08, 0.9993049608815958, 1.1245695837063277e-07, 0.0003352294682533571, 1.2216839381374797e-05, 1.7023088270338196e-08], [1.7023088270338196e-08, 1.2216839381374797e-05, 0.0003352294682533571, 1.1245695837063277e-07, 0.9993049608815958, 1.7023088270338196e-08, 1.2216839381374797e-05, 0.0003352294682533571], [1.1245969351098628e-07, 1.702350230017098e-08, 1.4935860457983403e-10, 0.0003352376215918396, 1.702350230017098e-08, 0.9993292656410663, 0.0003352376215918396, 1.1245969351098628e-07], [1.7023088270338193e-08, 1.1245695837063276e-07, 1.7023088270338193e-08, 1.2216839381374795e-05, 1.2216839381374795e-05, 0.000335229468253357, 0.9993049608815957, 0.000335229468253357], [1.49358604579834e-10, 1.7023502300170978e-08, 1.1245969351098627e-07, 1.7023502300170978e-08, 0.0003352376215918395, 1.1245969351098627e-07, 0.0003352376215918395, 0.9993292656410661]]