[[0.1751809807894903, 0.12468862323840604, 0.08874966160722571, 0.06444548131670287, 0.12468862323840604, 0.06093572471623591, 0.08874966160722571, 0.05229075649911919, 0.06444548131670287, 0.06093572471623591, 0.05229075649911919, 0.04259852445513018], [0.11378740245683538, 0.15986533691822083, 0.11378740245683538, 0.08262661272514756, 0.09882314283960252, 0.07612158134574135, 0.07476365091927968, 0.06195026071812526, 0.055608263626649564, 0.05881117080815943, 0.055608263626649564, 0.048246911558753644], [0.08097074278518593, 0.11375964998219146, 0.15982634614583766, 0.11605774735280644, 0.07474541624407288, 0.10019195432218259, 0.06107410049996322, 0.0753457778183978, 0.04770746522134625, 0.05559470090447672, 0.05879682690460427, 0.05592927181893482], [0.0641084742035033, 0.09006904636692026, 0.12654228967756523, 0.17426490047761845, 0.06061707130163226, 0.12403658445914854, 0.05201731053309112, 0.08828555975485985, 0.042375762432721883, 0.05259265956721842, 0.060981867022217306, 0.0641084742035033], [0.11378740245683536, 0.09882314283960249, 0.07476365091927965, 0.05560826362664955, 0.1598653369182208, 0.05881117080815942, 0.11378740245683536, 0.05560826362664955, 0.08262661272514753, 0.07612158134574132, 0.06195026071812524, 0.04824691155875363], [0.055366002531118196, 0.07578995261850373, 0.09977979746902377, 0.11329168007711966, 0.05855495603466596, 0.15916887295525078, 0.055366002531118196, 0.11329168007711966, 0.04803672068265106, 0.06261254971258083, 0.07647514091438697, 0.0822666443964611], [0.08097074278518593, 0.07474541624407288, 0.06107410049996322, 0.04770746522134625, 0.11375964998219146, 0.05559470090447672, 0.15982634614583766, 0.05879682690460427, 0.11605774735280644, 0.10019195432218259, 0.0753457778183978, 0.05592927181893482], [0.04750229233881612, 0.061668790085769906, 0.07502174235875324, 0.08062251634681272, 0.05535560781946267, 0.1132704100866285, 0.05854396261169598, 0.1591389897333589, 0.05568873986311488, 0.07646078305934455, 0.10116754154048402, 0.11555862415575854], [0.0641084742035033, 0.06061707130163226, 0.05201731053309112, 0.042375762432721883, 0.09006904636692026, 0.05259265956721842, 0.12654228967756523, 0.060981867022217306, 0.17426490047761845, 0.12403658445914854, 0.08828555975485985, 0.0641084742035033], [0.055366002531118196, 0.05855495603466596, 0.055366002531118196, 0.04803672068265106, 0.07578995261850373, 0.06261254971258083, 0.09977979746902377, 0.07647514091438697, 0.11329168007711966, 0.15916887295525078, 0.11329168007711966, 0.0822666443964611], [0.04750229233881612, 0.05535560781946267, 0.05854396261169598, 0.05568873986311488, 0.061668790085769906, 0.07646078305934455, 0.07502174235875324, 0.10116754154048402, 0.08062251634681272, 0.1132704100866285, 0.1591389897333589, 0.11555862415575854], [0.042155318085596576, 0.05231906556356395, 0.06066463124661237, 0.0637749734018734, 0.05231906556356395, 0.0896004952192193, 0.06066463124661237, 0.12588399987154697, 0.0637749734018734, 0.0896004952192193, 0.12588399987154697, 0.17335835130877136]]