[[0.9468059861770454, 0.025870263977736674, 0.0007068719125658693, 1.9314371944736643e-05, 5.277405382617585e-07, 1.4419835991649068e-08, 0.025870263977736674, 1.006037819720056e-08, 0.0007068719125658693, 3.6060203138774694e-09, 1.9314371944736643e-05, 7.265883144151272e-10, 5.277405382617585e-07, 9.168511443221921e-11, 1.4419835991649068e-08, 1.006037819720056e-08, 3.6060203138774694e-09, 7.265883144151272e-10, 9.168511443221921e-11, 8.36754085859277e-12], [0.02573143199361228, 0.9417249806737799, 0.02573143199361228, 0.0007030785059648475, 1.9210721955640596e-05, 5.249084347280332e-07, 0.005776010846089306, 3.3469639500631436e-07, 0.00030171068404732617, 9.666233638952254e-08, 1.0799162214140081e-05, 1.4342452380751559e-08, 3.3469639500631436e-07, 1.3569287003244818e-09, 1.0006389483851476e-08, 1.4342452380751559e-08, 1.0006389483851476e-08, 3.5866687156332727e-09, 7.226891003437647e-10, 9.119308905658906e-11], [0.0007066358013932694, 0.025861622725687088, 0.9464897316086478, 0.025861622725687088, 0.0007066358013932694, 1.9307920508589817e-05, 0.00030323721917528424, 1.085380164636455e-05, 3.560604407269687e-05, 2.186966449656039e-06, 2.186966449656039e-06, 2.183874283584219e-07, 9.715140906692881e-08, 1.4415019440978198e-08, 3.6048158217062664e-09, 1.0057017803824173e-08, 1.4415019440978198e-08, 1.0057017803824173e-08, 3.6048158217062664e-09, 7.263456175193186e-10], [1.9307920508589817e-05, 0.0007066358013932694, 0.025861622725687088, 0.9464897316086478, 0.025861622725687088, 0.0007066358013932694, 1.085380164636455e-05, 0.00030323721917528424, 2.186966449656039e-06, 3.560604407269687e-05, 2.183874283584219e-07, 2.186966449656039e-06, 1.4415019440978198e-08, 9.715140906692881e-08, 7.263456175193186e-10, 3.6048158217062664e-09, 1.0057017803824173e-08, 1.4415019440978198e-08, 1.0057017803824173e-08, 3.6048158217062664e-09], [5.249084347280332e-07, 1.9210721955640596e-05, 0.0007030785059648475, 0.025731431993612282, 0.94172498067378, 0.025731431993612282, 3.3469639500631436e-07, 0.005776010846089307, 9.666233638952254e-08, 0.0003017106840473262, 1.4342452380751562e-08, 1.0799162214140083e-05, 1.356928700324482e-09, 3.3469639500631436e-07, 9.119308905658907e-11, 7.226891003437648e-10, 3.586668715633273e-09, 1.0006389483851476e-08, 1.4342452380751562e-08, 1.0006389483851476e-08], [1.4419835991649069e-08, 5.277405382617586e-07, 1.9314371944736646e-05, 0.0007068719125658694, 0.025870263977736677, 0.9468059861770455, 1.006037819720056e-08, 0.025870263977736677, 3.6060203138774698e-09, 0.0007068719125658694, 7.265883144151273e-10, 1.9314371944736646e-05, 9.168511443221922e-11, 5.277405382617586e-07, 8.36754085859277e-12, 9.168511443221922e-11, 7.265883144151273e-10, 3.6060203138774698e-09, 1.006037819720056e-08, 1.4419835991649069e-08], [0.025731431993612275, 0.005776010846089305, 0.00030171068404732617, 1.079916221414008e-05, 3.346963950063143e-07, 1.0006389483851475e-08, 0.9417249806737797, 1.4342452380751557e-08, 0.025731431993612275, 1.0006389483851475e-08, 0.0007030785059648474, 3.5866687156332723e-09, 1.9210721955640592e-05, 7.226891003437646e-10, 5.249084347280331e-07, 3.346963950063143e-07, 9.666233638952252e-08, 1.4342452380751557e-08, 1.3569287003244816e-09, 9.119308905658904e-11], [1.0006389483851475e-08, 3.346963950063143e-07, 1.079916221414008e-05, 0.00030171068404732617, 0.005776010846089305, 0.025731431993612275, 1.4342452380751557e-08, 0.9417249806737797, 1.0006389483851475e-08, 0.025731431993612275, 3.5866687156332723e-09, 0.0007030785059648474, 7.226891003437646e-10, 1.9210721955640592e-05, 9.119308905658904e-11, 1.3569287003244816e-09, 1.4342452380751557e-08, 9.666233638952252e-08, 3.346963950063143e-07, 5.249084347280331e-07], [0.0007066358013932694, 0.00030323721917528424, 3.560604407269687e-05, 2.186966449656039e-06, 9.715140906692881e-08, 3.6048158217062664e-09, 0.025861622725687088, 1.0057017803824173e-08, 0.9464897316086478, 1.4415019440978198e-08, 0.025861622725687088, 1.0057017803824173e-08, 0.0007066358013932694, 3.6048158217062664e-09, 1.9307920508589817e-05, 1.085380164636455e-05, 2.186966449656039e-06, 2.183874283584219e-07, 1.4415019440978198e-08, 7.263456175193186e-10], [3.6048158217062664e-09, 9.715140906692881e-08, 2.186966449656039e-06, 3.560604407269687e-05, 0.00030323721917528424, 0.0007066358013932694, 1.0057017803824173e-08, 0.025861622725687088, 1.4415019440978198e-08, 0.9464897316086478, 1.0057017803824173e-08, 0.025861622725687088, 3.6048158217062664e-09, 0.0007066358013932694, 7.263456175193186e-10, 1.4415019440978198e-08, 2.183874283584219e-07, 2.186966449656039e-06, 1.085380164636455e-05, 1.9307920508589817e-05], [1.9307920508589817e-05, 1.085380164636455e-05, 2.186966449656039e-06, 2.183874283584219e-07, 1.4415019440978198e-08, 7.263456175193186e-10, 0.0007066358013932694, 3.6048158217062664e-09, 0.025861622725687088, 1.0057017803824173e-08, 0.9464897316086478, 1.4415019440978198e-08, 0.025861622725687088, 1.0057017803824173e-08, 0.0007066358013932694, 0.00030323721917528424, 3.560604407269687e-05, 2.186966449656039e-06, 9.715140906692881e-08, 3.6048158217062664e-09], [7.263456175193186e-10, 1.4415019440978198e-08, 2.183874283584219e-07, 2.186966449656039e-06, 1.085380164636455e-05, 1.9307920508589817e-05, 3.6048158217062664e-09, 0.0007066358013932694, 1.0057017803824173e-08, 0.025861622725687088, 1.4415019440978198e-08, 0.9464897316086478, 1.0057017803824173e-08, 0.025861622725687088, 3.6048158217062664e-09, 9.715140906692881e-08, 2.186966449656039e-06, 3.560604407269687e-05, 0.00030323721917528424, 0.0007066358013932694], [5.249084347280332e-07, 3.3469639500631436e-07, 9.666233638952254e-08, 1.4342452380751559e-08, 1.3569287003244818e-09, 9.119308905658906e-11, 1.9210721955640596e-05, 7.226891003437647e-10, 0.0007030785059648475, 3.5866687156332727e-09, 0.02573143199361228, 1.0006389483851476e-08, 0.9417249806737799, 1.4342452380751559e-08, 0.02573143199361228, 0.005776010846089306, 0.00030171068404732617, 1.0799162214140081e-05, 3.3469639500631436e-07, 1.0006389483851476e-08], [9.119308905658906e-11, 1.3569287003244818e-09, 1.4342452380751559e-08, 9.666233638952254e-08, 3.3469639500631436e-07, 5.249084347280332e-07, 7.226891003437647e-10, 1.9210721955640596e-05, 3.5866687156332727e-09, 0.0007030785059648475, 1.0006389483851476e-08, 0.02573143199361228, 1.4342452380751559e-08, 0.9417249806737799, 1.0006389483851476e-08, 3.3469639500631436e-07, 1.0799162214140081e-05, 0.00030171068404732617, 0.005776010846089306, 0.02573143199361228], [1.4419835991649068e-08, 1.006037819720056e-08, 3.6060203138774694e-09, 7.265883144151272e-10, 9.168511443221921e-11, 8.36754085859277e-12, 5.277405382617585e-07, 9.168511443221921e-11, 1.9314371944736643e-05, 7.265883144151272e-10, 0.0007068719125658693, 3.6060203138774694e-09, 0.025870263977736674, 1.006037819720056e-08, 0.9468059861770454, 0.025870263977736674, 0.0007068719125658693, 1.9314371944736643e-05, 5.277405382617585e-07, 1.4419835991649068e-08], [1.0006389483851473e-08, 1.4342452380751556e-08, 1.0006389483851473e-08, 3.586668715633272e-09, 7.226891003437646e-10, 9.119308905658903e-11, 3.3469639500631426e-07, 1.3569287003244814e-09, 1.079916221414008e-05, 1.4342452380751556e-08, 0.0003017106840473261, 9.666233638952251e-08, 0.005776010846089304, 3.3469639500631426e-07, 0.02573143199361227, 0.9417249806737796, 0.02573143199361227, 0.0007030785059648473, 1.921072195564059e-05, 5.249084347280331e-07], [3.6048158217062664e-09, 1.0057017803824173e-08, 1.4415019440978198e-08, 1.0057017803824173e-08, 3.6048158217062664e-09, 7.263456175193186e-10, 9.715140906692881e-08, 1.4415019440978198e-08, 2.186966449656039e-06, 2.183874283584219e-07, 3.560604407269687e-05, 2.186966449656039e-06, 0.00030323721917528424, 1.085380164636455e-05, 0.0007066358013932694, 0.025861622725687088, 0.9464897316086478, 0.025861622725687088, 0.0007066358013932694, 1.9307920508589817e-05], [7.263456175193186e-10, 3.6048158217062664e-09, 1.0057017803824173e-08, 1.4415019440978198e-08, 1.0057017803824173e-08, 3.6048158217062664e-09, 1.4415019440978198e-08, 9.715140906692881e-08, 2.183874283584219e-07, 2.186966449656039e-06, 2.186966449656039e-06, 3.560604407269687e-05, 1.085380164636455e-05, 0.00030323721917528424, 1.9307920508589817e-05, 0.0007066358013932694, 0.025861622725687088, 0.9464897316086478, 0.025861622725687088, 0.0007066358013932694], [9.119308905658904e-11, 7.226891003437646e-10, 3.5866687156332723e-09, 1.0006389483851475e-08, 1.4342452380751557e-08, 1.0006389483851475e-08, 1.3569287003244816e-09, 3.346963950063143e-07, 1.4342452380751557e-08, 1.079916221414008e-05, 9.666233638952252e-08, 0.00030171068404732617, 3.346963950063143e-07, 0.005776010846089305, 5.249084347280331e-07, 1.9210721955640592e-05, 0.0007030785059648474, 0.025731431993612275, 0.9417249806737797, 0.025731431993612275], [8.36754085859277e-12, 9.168511443221922e-11, 7.265883144151273e-10, 3.6060203138774698e-09, 1.006037819720056e-08, 1.4419835991649069e-08, 9.168511443221922e-11, 5.277405382617586e-07, 7.265883144151273e-10, 1.9314371944736646e-05, 3.6060203138774698e-09, 0.0007068719125658694, 1.006037819720056e-08, 0.025870263977736677, 1.4419835991649069e-08, 5.277405382617586e-07, 1.9314371944736646e-05, 0.0007068719125658694, 0.025870263977736677, 0.9468059861770455]]