[[0.987879960650755, 0.006022853757239205, 3.671981295905116e-05, 3.0219477234031855e-07, 0.006022853757239205, 1.304606633445704e-07, 3.671981295905116e-05, 1.3145398205306047e-08, 3.0219477234031855e-07, 1.304606633445704e-07, 1.3145398205306047e-08, 6.071810580322905e-10], [0.006018468839435007, 0.987160738069157, 0.006018468839435007, 4.95304761709594e-05, 0.0007260276941742263, 1.4477390553770099e-05, 1.105174308025416e-05, 6.587495648755452e-07, 1.303656819107676e-07, 3.019747604836504e-07, 1.303656819107676e-07, 1.5492304849499658e-08], [3.661032881840859e-05, 0.006004895959671921, 0.9849344884428634, 0.008105761699740732, 1.1026819136307165e-05, 0.0008936644853893912, 5.327678030714162e-07, 1.2432703859121529e-05, 1.3106203762035944e-08, 1.3007168060029914e-07, 3.012937455569509e-07, 1.4232108795116532e-07], [3.0155547177648865e-07, 4.9461703637501414e-05, 0.008112802968925479, 0.9857900760013638, 1.301846705635309e-07, 0.006010112260180706, 1.3117588788156512e-08, 3.6642131280620224e-05, 6.058965513886424e-10, 1.5470793950837467e-08, 1.4244471866325031e-07, 3.0155547177648865e-07], [0.006018468839435007, 0.0007260276941742263, 1.105174308025416e-05, 1.303656819107676e-07, 0.987160738069157, 3.019747604836504e-07, 0.006018468839435007, 1.303656819107676e-07, 4.95304761709594e-05, 1.4477390553770099e-05, 6.587495648755452e-07, 1.5492304849499658e-08], [1.3034282745296455e-07, 1.4474852516867597e-05, 0.0008955274144407718, 0.0060174137393495105, 3.019218211723232e-07, 0.9869876785407417, 1.3034282745296455e-07, 0.0060174137393495105, 1.5489588887581876e-08, 8.248224190855186e-07, 1.656700115361514e-05, 4.952179296414436e-05], [3.661032881840858e-05, 1.1026819136307164e-05, 5.327678030714161e-07, 1.3106203762035942e-08, 0.00600489595967192, 1.300716806002991e-07, 0.9849344884428632, 3.0129374555695084e-07, 0.00810576169974073, 0.0008936644853893911, 1.2432703859121527e-05, 1.423210879511653e-07], [1.3103393608272755e-08, 6.571230230985326e-07, 1.2430038113176275e-05, 3.660247905083526e-05, 1.3004379140909167e-07, 0.006003608425822682, 3.012291439554288e-07, 0.9847233046851982, 1.4229057231535277e-07, 1.6528992691004473e-05, 0.0011022578783653554, 0.008104023710834286], [3.015554717764886e-07, 1.3018467056353088e-07, 1.311758878815651e-08, 6.058965513886423e-10, 4.946170363750141e-05, 1.5470793950837464e-08, 0.008112802968925477, 1.424447186632503e-07, 0.9857900760013637, 0.006010112260180705, 3.664213128062022e-05, 3.015554717764886e-07], [1.3034282745296455e-07, 3.019218211723232e-07, 1.3034282745296455e-07, 1.5489588887581876e-08, 1.4474852516867597e-05, 8.248224190855186e-07, 0.0008955274144407718, 1.656700115361514e-05, 0.0060174137393495105, 0.9869876785407417, 0.0060174137393495105, 4.952179296414436e-05], [1.3103393608272755e-08, 1.3004379140909167e-07, 3.012291439554288e-07, 1.4229057231535277e-07, 6.571230230985326e-07, 1.6528992691004473e-05, 1.2430038113176275e-05, 0.0011022578783653554, 3.660247905083526e-05, 0.006003608425822682, 0.9847233046851982, 0.008104023710834286], [6.046174680833501e-10, 1.543813419362845e-08, 1.4214400947262753e-07, 3.0091887041494466e-07, 1.543813419362845e-08, 4.9357287067991254e-05, 1.4214400947262753e-07, 0.008095676364040709, 3.0091887041494466e-07, 4.9357287067991254e-05, 0.008095676364040709, 0.9837090150911371]]