[[0.9830130699922273, 0.008420105990188843, 7.212333899749128e-05, 8.17403598952704e-07, 0.008420105990188843, 3.7320690615770556e-07, 7.212333899749128e-05, 4.3821868519394586e-08, 8.17403598952704e-07, 3.7320690615770556e-07, 4.3821868519394586e-08, 2.484652905772856e-09], [0.008410220774561503, 0.9818590113411024, 0.008410220774561503, 9.531650676007247e-05, 0.0011681808679032371, 3.024113259222662e-05, 2.3504761180553478e-05, 1.690802053217666e-06, 3.727687607536834e-07, 8.164439660407638e-07, 3.727687607536834e-07, 5.1057797892257245e-08], [7.182727616608628e-05, 0.00838554186081219, 0.9789778487052575, 0.011095160428644167, 2.3435788915802994e-05, 0.0014169533178680477, 1.3857815753506868e-06, 2.621323130168825e-05, 4.3641981860628546e-08, 3.716749097904715e-07, 8.140481965646507e-07, 4.04244370991906e-07], [8.151666736158929e-07, 9.516738807328715e-05, 0.011110404836004393, 0.9803229339988214, 3.72185579624122e-07, 0.008397063336043177, 4.370194459426991e-08, 7.192596462259788e-05, 2.477853347947045e-09, 5.097792010371209e-08, 4.0479979025818083e-07, 8.151666736158929e-07], [0.008410220774561503, 0.0011681808679032371, 2.3504761180553478e-05, 3.727687607536834e-07, 0.9818590113411024, 8.164439660407638e-07, 0.008410220774561503, 3.727687607536834e-07, 9.531650676007247e-05, 3.024113259222662e-05, 1.690802053217666e-06, 5.1057797892257245e-08], [3.726703255116112e-07, 3.0233146962740842e-05, 0.0014207481869097111, 0.008407999928275591, 8.162283716350709e-07, 0.9815997365851742, 3.726703255116112e-07, 0.008407999928275591, 5.1044315306739523e-08, 2.085354581844224e-06, 3.429291949091708e-05, 9.529133699156121e-05], [7.182727616608628e-05, 2.3435788915802994e-05, 1.3857815753506868e-06, 4.3641981860628546e-08, 0.00838554186081219, 3.716749097904715e-07, 0.9789778487052575, 8.140481965646507e-07, 0.011095160428644167, 0.0014169533178680477, 2.621323130168825e-05, 4.04244370991906e-07], [4.362811361289163e-08, 1.6853048565512114e-06, 2.620490144199403e-05, 7.18044513900869e-05, 3.715568015032945e-07, 0.008382877161204703, 8.137895139480866e-07, 0.9786667558823388, 4.0411591300617407e-07, 3.419045362080524e-05, 0.0017232140696524002, 0.011091634685152577], [8.151666736158929e-07, 3.72185579624122e-07, 4.370194459426991e-08, 2.477853347947045e-09, 9.516738807328715e-05, 5.097792010371209e-08, 0.011110404836004393, 4.0479979025818083e-07, 0.9803229339988214, 0.008397063336043177, 7.192596462259788e-05, 8.151666736158929e-07], [3.726703255116112e-07, 8.162283716350709e-07, 3.726703255116112e-07, 5.1044315306739523e-08, 3.0233146962740842e-05, 2.085354581844224e-06, 0.0014207481869097111, 3.429291949091708e-05, 0.008407999928275591, 0.9815997365851742, 0.008407999928275591, 9.529133699156121e-05], [4.362811361289164e-08, 3.7155680150329455e-07, 8.137895139480869e-07, 4.041159130061741e-07, 1.6853048565512116e-06, 3.419045362080525e-05, 2.6204901441994033e-05, 0.0017232140696524004, 7.18044513900869e-05, 0.008382877161204704, 0.978666755882339, 0.011091634685152578], [2.4710909042041255e-09, 5.083879350159981e-08, 4.036950292314499e-07, 8.129419581072055e-07, 5.083879350159981e-08, 9.490766160136361e-05, 4.036950292314499e-07, 0.011080082828559202, 8.129419581072055e-07, 9.490766160136361e-05, 0.011080082828559202, 0.9776474815970263]]