[[0.9562374484942575, 0.021391769800586928, 0.00047855040180854456, 1.0705541860535321e-05, 2.394912345586661e-07, 5.357603769863363e-09, 0.021391769800586928, 3.663858464060197e-09, 0.00047855040180854456, 1.2405028446081035e-09, 1.0705541860535321e-05, 2.2866821181499446e-10, 2.394912345586661e-07, 2.572008222372961e-11, 5.357603769863363e-09, 3.663858464060197e-09, 1.2405028446081035e-09, 2.2866821181499446e-10, 2.572008222372961e-11, 2.054992290261053e-12], [0.02130374250030277, 0.9523025239038082, 0.02130374250030277, 0.0004765811631567735, 1.0661488471926207e-05, 2.385057262526006e-07, 0.004401224340935357, 1.4832314703782918e-07, 0.0001951245437333668, 3.99805593406159e-08, 5.804526478488382e-06, 5.335557188386015e-09, 1.4832314703782918e-07, 4.4281346027633664e-10, 3.648781657782783e-09, 5.335557188386015e-09, 3.648781657782783e-09, 1.2353981656860877e-09, 2.2772724033229237e-10, 2.5614243883921964e-11], [0.00047844835696249816, 0.021387208275097217, 0.9560335429017711, 0.021387208275097217, 0.00047844835696249816, 1.0703259038565321e-05, 0.00019588902073659225, 5.827267989743273e-06, 2.04206833748787e-05, 1.0741700083745597e-06, 1.0741700083745597e-06, 9.437758114891697e-08, 4.013719887763774e-08, 5.356461328336186e-09, 1.2402383230000979e-09, 3.6630771923874792e-09, 5.356461328336186e-09, 3.6630771923874792e-09, 1.2402383230000979e-09, 2.2861945119880403e-10], [1.070325903856532e-05, 0.0004784483569624981, 0.021387208275097214, 0.956033542901771, 0.021387208275097214, 0.0004784483569624981, 5.827267989743272e-06, 0.00019588902073659222, 1.0741700083745595e-06, 2.0420683374878696e-05, 9.437758114891696e-08, 1.0741700083745595e-06, 5.356461328336185e-09, 4.013719887763774e-08, 2.2861945119880398e-10, 1.2402383230000977e-09, 3.6630771923874784e-09, 5.356461328336185e-09, 3.6630771923874784e-09, 1.2402383230000977e-09], [2.3850572625260057e-07, 1.0661488471926206e-05, 0.0004765811631567734, 0.021303742500302765, 0.9523025239038081, 0.021303742500302765, 1.4832314703782918e-07, 0.004401224340935357, 3.99805593406159e-08, 0.00019512454373336676, 5.3355571883860145e-09, 5.804526478488382e-06, 4.428134602763366e-10, 1.4832314703782918e-07, 2.561424388392196e-11, 2.2772724033229234e-10, 1.2353981656860875e-09, 3.6487816577827827e-09, 5.3355571883860145e-09, 3.6487816577827827e-09], [5.357603769863361e-09, 2.3949123455866605e-07, 1.0705541860535318e-05, 0.0004785504018085444, 0.02139176980058692, 0.9562374484942572, 3.6638584640601957e-09, 0.02139176980058692, 1.240502844608103e-09, 0.0004785504018085444, 2.2866821181499436e-10, 1.0705541860535318e-05, 2.57200822237296e-11, 2.3949123455866605e-07, 2.054992290261052e-12, 2.57200822237296e-11, 2.2866821181499436e-10, 1.240502844608103e-09, 3.6638584640601957e-09, 5.357603769863361e-09], [0.02130374250030277, 0.004401224340935357, 0.0001951245437333668, 5.804526478488382e-06, 1.4832314703782918e-07, 3.648781657782783e-09, 0.9523025239038082, 5.335557188386015e-09, 0.02130374250030277, 3.648781657782783e-09, 0.0004765811631567735, 1.2353981656860877e-09, 1.0661488471926207e-05, 2.2772724033229237e-10, 2.385057262526006e-07, 1.4832314703782918e-07, 3.99805593406159e-08, 5.335557188386015e-09, 4.4281346027633664e-10, 2.5614243883921964e-11], [3.6487816577827836e-09, 1.483231470378292e-07, 5.804526478488383e-06, 0.0001951245437333668, 0.004401224340935358, 0.021303742500302772, 5.335557188386016e-09, 0.9523025239038083, 3.6487816577827836e-09, 0.021303742500302772, 1.2353981656860879e-09, 0.00047658116315677353, 2.277272403322924e-10, 1.0661488471926209e-05, 2.5614243883921968e-11, 4.428134602763367e-10, 5.335557188386016e-09, 3.9980559340615904e-08, 1.483231470378292e-07, 2.385057262526007e-07], [0.0004784483569624981, 0.00019588902073659222, 2.0420683374878696e-05, 1.0741700083745595e-06, 4.013719887763774e-08, 1.2402383230000977e-09, 0.021387208275097214, 3.6630771923874784e-09, 0.956033542901771, 5.356461328336185e-09, 0.021387208275097214, 3.6630771923874784e-09, 0.0004784483569624981, 1.2402383230000977e-09, 1.070325903856532e-05, 5.827267989743272e-06, 1.0741700083745595e-06, 9.437758114891696e-08, 5.356461328336185e-09, 2.2861945119880398e-10], [1.2402383230000974e-09, 4.013719887763773e-08, 1.0741700083745593e-06, 2.0420683374878693e-05, 0.0001958890207365922, 0.00047844835696249805, 3.663077192387478e-09, 0.021387208275097214, 5.356461328336184e-09, 0.9560335429017709, 3.663077192387478e-09, 0.021387208275097214, 1.2402383230000974e-09, 0.00047844835696249805, 2.2861945119880395e-10, 5.356461328336184e-09, 9.437758114891694e-08, 1.0741700083745593e-06, 5.827267989743271e-06, 1.0703259038565318e-05], [1.0703259038565318e-05, 5.827267989743271e-06, 1.0741700083745593e-06, 9.437758114891694e-08, 5.356461328336184e-09, 2.2861945119880395e-10, 0.00047844835696249805, 1.2402383230000974e-09, 0.021387208275097214, 3.663077192387478e-09, 0.9560335429017709, 5.356461328336184e-09, 0.021387208275097214, 3.663077192387478e-09, 0.00047844835696249805, 0.0001958890207365922, 2.0420683374878693e-05, 1.0741700083745593e-06, 4.013719887763773e-08, 1.2402383230000974e-09], [2.2861945119880398e-10, 5.356461328336185e-09, 9.437758114891696e-08, 1.0741700083745595e-06, 5.827267989743272e-06, 1.070325903856532e-05, 1.2402383230000977e-09, 0.0004784483569624981, 3.6630771923874784e-09, 0.021387208275097214, 5.356461328336185e-09, 0.956033542901771, 3.6630771923874784e-09, 0.021387208275097214, 1.2402383230000977e-09, 4.013719887763774e-08, 1.0741700083745595e-06, 2.0420683374878696e-05, 0.00019588902073659222, 0.0004784483569624981], [2.3850572625260057e-07, 1.4832314703782915e-07, 3.998055934061589e-08, 5.335557188386014e-09, 4.4281346027633654e-10, 2.5614243883921958e-11, 1.0661488471926206e-05, 2.2772724033229232e-10, 0.00047658116315677337, 1.2353981656860875e-09, 0.021303742500302765, 3.6487816577827823e-09, 0.952302523903808, 5.335557188386014e-09, 0.021303742500302765, 0.004401224340935356, 0.00019512454373336673, 5.804526478488381e-06, 1.4832314703782915e-07, 3.6487816577827823e-09], [2.5614243883921958e-11, 4.4281346027633654e-10, 5.335557188386014e-09, 3.998055934061589e-08, 1.4832314703782915e-07, 2.3850572625260057e-07, 2.2772724033229232e-10, 1.0661488471926206e-05, 1.2353981656860875e-09, 0.00047658116315677337, 3.6487816577827823e-09, 0.021303742500302765, 5.335557188386014e-09, 0.952302523903808, 3.6487816577827823e-09, 1.4832314703782915e-07, 5.804526478488381e-06, 0.00019512454373336673, 0.004401224340935356, 0.021303742500302765], [5.357603769863361e-09, 3.663858464060196e-09, 1.240502844608103e-09, 2.2866821181499439e-10, 2.5720082223729603e-11, 2.0549922902610526e-12, 2.3949123455866605e-07, 2.5720082223729603e-11, 1.070554186053532e-05, 2.2866821181499439e-10, 0.00047855040180854445, 1.240502844608103e-09, 0.02139176980058692, 3.663858464060196e-09, 0.9562374484942573, 0.02139176980058692, 0.00047855040180854445, 1.070554186053532e-05, 2.3949123455866605e-07, 5.357603769863361e-09], [3.6487816577827827e-09, 5.3355571883860145e-09, 3.6487816577827827e-09, 1.2353981656860875e-09, 2.2772724033229234e-10, 2.561424388392196e-11, 1.4832314703782918e-07, 4.428134602763366e-10, 5.804526478488382e-06, 5.3355571883860145e-09, 0.00019512454373336676, 3.99805593406159e-08, 0.004401224340935357, 1.4832314703782918e-07, 0.021303742500302765, 0.9523025239038081, 0.021303742500302765, 0.0004765811631567734, 1.0661488471926206e-05, 2.3850572625260057e-07], [1.2402383230000974e-09, 3.663077192387478e-09, 5.356461328336184e-09, 3.663077192387478e-09, 1.2402383230000974e-09, 2.2861945119880395e-10, 4.013719887763773e-08, 5.356461328336184e-09, 1.0741700083745593e-06, 9.437758114891694e-08, 2.0420683374878693e-05, 1.0741700083745593e-06, 0.0001958890207365922, 5.827267989743271e-06, 0.00047844835696249805, 0.021387208275097214, 0.9560335429017709, 0.021387208275097214, 0.00047844835696249805, 1.0703259038565318e-05], [2.2861945119880398e-10, 1.2402383230000977e-09, 3.6630771923874784e-09, 5.356461328336185e-09, 3.6630771923874784e-09, 1.2402383230000977e-09, 5.356461328336185e-09, 4.013719887763774e-08, 9.437758114891696e-08, 1.0741700083745595e-06, 1.0741700083745595e-06, 2.0420683374878696e-05, 5.827267989743272e-06, 0.00019588902073659222, 1.070325903856532e-05, 0.0004784483569624981, 0.021387208275097214, 0.956033542901771, 0.021387208275097214, 0.0004784483569624981], [2.5614243883921958e-11, 2.2772724033229232e-10, 1.2353981656860875e-09, 3.6487816577827823e-09, 5.335557188386014e-09, 3.6487816577827823e-09, 4.4281346027633654e-10, 1.4832314703782915e-07, 5.335557188386014e-09, 5.804526478488381e-06, 3.998055934061589e-08, 0.00019512454373336673, 1.4832314703782915e-07, 0.004401224340935356, 2.3850572625260057e-07, 1.0661488471926206e-05, 0.00047658116315677337, 0.021303742500302765, 0.952302523903808, 0.021303742500302765], [2.054992290261052e-12, 2.57200822237296e-11, 2.2866821181499436e-10, 1.240502844608103e-09, 3.6638584640601957e-09, 5.357603769863361e-09, 2.57200822237296e-11, 2.3949123455866605e-07, 2.2866821181499436e-10, 1.0705541860535318e-05, 1.240502844608103e-09, 0.0004785504018085444, 3.6638584640601957e-09, 0.02139176980058692, 5.357603769863361e-09, 2.3949123455866605e-07, 1.0705541860535318e-05, 0.0004785504018085444, 0.02139176980058692, 0.9562374484942572]]