[[0.3051992667718166, 0.15461913460412094, 0.07833268093531001, 0.04130422921217032, 0.15461913460412094, 0.03692780893761938, 0.07833268093531001, 0.027193144387494293, 0.04130422921217032, 0.03692780893761938, 0.027193144387494293, 0.018046737074753634], [0.13594929191802682, 0.2683472800294899, 0.13594929191802682, 0.07168503168239239, 0.10254297332467462, 0.06084209872866041, 0.05869073997374412, 0.04029719899395174, 0.03246887579604739, 0.03631685514856564, 0.03246887579604739, 0.02444148669037282], [0.06865508326050274, 0.13551674005233372, 0.2674934755337635, 0.1410472831298981, 0.058504002781395524, 0.10511922429865858, 0.039059853527699785, 0.05944759543725395, 0.023833572012939105, 0.032365569095406346, 0.03620130527530782, 0.032756295594841084], [0.040872710439676795, 0.08067773299278096, 0.15924798064128404, 0.3020107503541202, 0.03654201205706793, 0.1530037780064793, 0.026909048726828307, 0.07751431383421489, 0.01785819691849001, 0.027507607807012394, 0.036983157782368555, 0.040872710439676795], [0.13594929191802682, 0.10254297332467462, 0.05869073997374412, 0.03246887579604739, 0.2683472800294899, 0.03631685514856564, 0.13594929191802682, 0.03246887579604739, 0.07168503168239239, 0.06084209872866041, 0.04029719899395174, 0.02444148669037282], [0.03223051685600228, 0.06039544765721034, 0.1046805919173121, 0.13495126755386297, 0.03605024760867546, 0.26637730196084347, 0.03223051685600228, 0.13495126755386297, 0.024262058030839334, 0.041219594262171116, 0.06149240874705927, 0.07115878099615842], [0.06865508326050272, 0.05850400278139551, 0.03905985352769978, 0.0238335720129391, 0.13551674005233366, 0.03236556909540634, 0.26749347553376346, 0.036201305275307814, 0.14104728312989806, 0.10511922429865855, 0.05944759543725393, 0.03275629559484108], [0.02365990511735051, 0.03987628747214689, 0.059014421620748825, 0.06815481770359189, 0.032129732523963936, 0.1345292770093455, 0.03593751903713905, 0.2655443442218086, 0.03251761193618304, 0.06130012292773189, 0.10731643947435071, 0.14001952095563916], [0.04087271043967678, 0.036542012057067925, 0.0269090487268283, 0.017858196918490006, 0.08067773299278093, 0.027507607807012387, 0.159247980641284, 0.03698315778236855, 0.3020107503541201, 0.15300377800647927, 0.07751431383421488, 0.04087271043967678], [0.03223051685600228, 0.03605024760867546, 0.03223051685600228, 0.024262058030839334, 0.06039544765721034, 0.041219594262171116, 0.1046805919173121, 0.06149240874705927, 0.13495126755386297, 0.26637730196084347, 0.13495126755386297, 0.07115878099615842], [0.02365990511735051, 0.032129732523963936, 0.03593751903713905, 0.03251761193618304, 0.03987628747214689, 0.06130012292773189, 0.059014421620748825, 0.10731643947435071, 0.06815481770359189, 0.1345292770093455, 0.2655443442218086, 0.14001952095563916], [0.017673555511894246, 0.027223198164720193, 0.03660077750599141, 0.040450114878579045, 0.027223198164720193, 0.07984358102499069, 0.03660077750599141, 0.1576014666467666, 0.040450114878579045, 0.07984358102499069, 0.1576014666467666, 0.29888816804600987]]