[[0.8617191240161487, 0.06400296275640073, 0.004753729060236623, 0.0003530764671652368, 2.6224252599637918e-05, 1.9477690765716548e-06, 0.06400296275640073, 1.5018304352697238e-06, 0.004753729060236623, 7.158280133734824e-07, 0.0003530764671652368, 2.2507640747190214e-07, 2.6224252599637918e-05, 5.0473070333335464e-08, 1.9477690765716548e-06, 1.5018304352697238e-06, 7.158280133734824e-07, 2.2507640747190214e-07, 5.0473070333335464e-08, 8.957041057442904e-09], [0.06277987941010024, 0.8452518502465857, 0.06277987941010024, 0.004662886283652524, 0.0003463292490934105, 2.5723112570450958e-05, 0.021341096577784324, 1.858565245296505e-05, 0.0025310509976730513, 7.579065518700535e-06, 0.00022846657271859632, 1.9105476134175034e-06, 1.858565245296505e-05, 3.479800632226135e-07, 1.4731307670787866e-06, 1.9105476134175034e-06, 1.4731307670787866e-06, 7.021486884755906e-07, 2.2077524399808314e-07, 4.950854042561362e-08], [0.004738920840230524, 0.06380358876147395, 0.8590348047774627, 0.06380358876147395, 0.004738920840230524, 0.00035197660767839875, 0.002572323147276843, 0.00023219202375746373, 0.0005476107464906535, 7.300768560966254e-05, 7.300768560966254e-05, 1.3826191358800651e-05, 7.702652252524678e-06, 1.9417016308587277e-06, 7.135981558081386e-07, 1.4971521216309945e-06, 1.9417016308587277e-06, 1.4971521216309945e-06, 7.135981558081386e-07, 2.2437527770245323e-07], [0.00035197660767839875, 0.004738920840230524, 0.06380358876147395, 0.8590348047774627, 0.06380358876147395, 0.004738920840230524, 0.00023219202375746373, 0.002572323147276843, 7.300768560966254e-05, 0.0005476107464906535, 1.3826191358800651e-05, 7.300768560966254e-05, 1.9417016308587277e-06, 7.702652252524678e-06, 2.2437527770245323e-07, 7.135981558081386e-07, 1.4971521216309945e-06, 1.9417016308587277e-06, 1.4971521216309945e-06, 7.135981558081386e-07], [2.5723112570450954e-05, 0.00034632924909341043, 0.004662886283652523, 0.06277987941010023, 0.8452518502465856, 0.06277987941010023, 1.8585652452965047e-05, 0.021341096577784324, 7.579065518700534e-06, 0.0025310509976730513, 1.9105476134175034e-06, 0.0002284665727185963, 3.4798006322261343e-07, 1.8585652452965047e-05, 4.950854042561361e-08, 2.207752439980831e-07, 7.021486884755905e-07, 1.4731307670787864e-06, 1.9105476134175034e-06, 1.4731307670787864e-06], [1.9477690765716543e-06, 2.6224252599637914e-05, 0.00035307646716523674, 0.004753729060236622, 0.06400296275640072, 0.8617191240161486, 1.5018304352697236e-06, 0.06400296275640072, 7.158280133734823e-07, 0.004753729060236622, 2.250764074719021e-07, 0.00035307646716523674, 5.047307033333546e-08, 2.6224252599637914e-05, 8.957041057442903e-09, 5.047307033333546e-08, 2.250764074719021e-07, 7.158280133734823e-07, 1.5018304352697236e-06, 1.9477690765716543e-06], [0.06277987941010024, 0.021341096577784324, 0.0025310509976730513, 0.00022846657271859632, 1.858565245296505e-05, 1.4731307670787866e-06, 0.8452518502465857, 1.9105476134175034e-06, 0.06277987941010024, 1.4731307670787866e-06, 0.004662886283652524, 7.021486884755906e-07, 0.0003463292490934105, 2.2077524399808314e-07, 2.5723112570450958e-05, 1.858565245296505e-05, 7.579065518700535e-06, 1.9105476134175034e-06, 3.479800632226135e-07, 4.950854042561362e-08], [1.4731307670787866e-06, 1.858565245296505e-05, 0.00022846657271859632, 0.0025310509976730513, 0.021341096577784324, 0.06277987941010024, 1.9105476134175034e-06, 0.8452518502465857, 1.4731307670787866e-06, 0.06277987941010024, 7.021486884755906e-07, 0.004662886283652524, 2.2077524399808314e-07, 0.0003463292490934105, 4.950854042561362e-08, 3.479800632226135e-07, 1.9105476134175034e-06, 7.579065518700535e-06, 1.858565245296505e-05, 2.5723112570450958e-05], [0.004738920840230524, 0.002572323147276843, 0.0005476107464906535, 7.300768560966254e-05, 7.702652252524678e-06, 7.135981558081386e-07, 0.06380358876147395, 1.4971521216309945e-06, 0.8590348047774627, 1.9417016308587277e-06, 0.06380358876147395, 1.4971521216309945e-06, 0.004738920840230524, 7.135981558081386e-07, 0.00035197660767839875, 0.00023219202375746373, 7.300768560966254e-05, 1.3826191358800651e-05, 1.9417016308587277e-06, 2.2437527770245323e-07], [7.135981558081386e-07, 7.702652252524678e-06, 7.300768560966254e-05, 0.0005476107464906535, 0.002572323147276843, 0.004738920840230524, 1.4971521216309945e-06, 0.06380358876147395, 1.9417016308587277e-06, 0.8590348047774627, 1.4971521216309945e-06, 0.06380358876147395, 7.135981558081386e-07, 0.004738920840230524, 2.2437527770245323e-07, 1.9417016308587277e-06, 1.3826191358800651e-05, 7.300768560966254e-05, 0.00023219202375746373, 0.00035197660767839875], [0.00035197660767839875, 0.00023219202375746373, 7.300768560966254e-05, 1.3826191358800651e-05, 1.9417016308587277e-06, 2.2437527770245323e-07, 0.004738920840230524, 7.135981558081386e-07, 0.06380358876147395, 1.4971521216309945e-06, 0.8590348047774627, 1.9417016308587277e-06, 0.06380358876147395, 1.4971521216309945e-06, 0.004738920840230524, 0.002572323147276843, 0.0005476107464906535, 7.300768560966254e-05, 7.702652252524678e-06, 7.135981558081386e-07], [2.2437527770245323e-07, 1.9417016308587277e-06, 1.3826191358800651e-05, 7.300768560966254e-05, 0.00023219202375746373, 0.00035197660767839875, 7.135981558081386e-07, 0.004738920840230524, 1.4971521216309945e-06, 0.06380358876147395, 1.9417016308587277e-06, 0.8590348047774627, 1.4971521216309945e-06, 0.06380358876147395, 7.135981558081386e-07, 7.702652252524678e-06, 7.300768560966254e-05, 0.0005476107464906535, 0.002572323147276843, 0.004738920840230524], [2.572311257045095e-05, 1.8585652452965044e-05, 7.579065518700533e-06, 1.910547613417503e-06, 3.479800632226134e-07, 4.9508540425613604e-08, 0.0003463292490934104, 2.2077524399808309e-07, 0.004662886283652522, 7.021486884755904e-07, 0.06277987941010023, 1.4731307670787862e-06, 0.8452518502465854, 1.910547613417503e-06, 0.06277987941010023, 0.02134109657778432, 0.002531050997673051, 0.00022846657271859627, 1.8585652452965044e-05, 1.4731307670787862e-06], [4.950854042561361e-08, 3.4798006322261343e-07, 1.9105476134175034e-06, 7.579065518700534e-06, 1.8585652452965047e-05, 2.5723112570450954e-05, 2.207752439980831e-07, 0.00034632924909341043, 7.021486884755905e-07, 0.004662886283652523, 1.4731307670787864e-06, 0.06277987941010023, 1.9105476134175034e-06, 0.8452518502465856, 1.4731307670787864e-06, 1.8585652452965047e-05, 0.0002284665727185963, 0.0025310509976730513, 0.021341096577784324, 0.06277987941010023], [1.9477690765716543e-06, 1.5018304352697234e-06, 7.158280133734822e-07, 2.2507640747190206e-07, 5.047307033333545e-08, 8.957041057442901e-09, 2.622425259963791e-05, 5.047307033333545e-08, 0.0003530764671652367, 2.2507640747190206e-07, 0.004753729060236621, 7.158280133734822e-07, 0.06400296275640072, 1.5018304352697234e-06, 0.8617191240161485, 0.06400296275640072, 0.004753729060236621, 0.0003530764671652367, 2.622425259963791e-05, 1.9477690765716543e-06], [1.4731307670787864e-06, 1.9105476134175034e-06, 1.4731307670787864e-06, 7.021486884755905e-07, 2.207752439980831e-07, 4.950854042561361e-08, 1.8585652452965047e-05, 3.4798006322261343e-07, 0.0002284665727185963, 1.9105476134175034e-06, 0.0025310509976730513, 7.579065518700534e-06, 0.021341096577784324, 1.8585652452965047e-05, 0.06277987941010023, 0.8452518502465856, 0.06277987941010023, 0.004662886283652523, 0.00034632924909341043, 2.5723112570450954e-05], [7.135981558081386e-07, 1.4971521216309945e-06, 1.9417016308587277e-06, 1.4971521216309945e-06, 7.135981558081386e-07, 2.2437527770245323e-07, 7.702652252524678e-06, 1.9417016308587277e-06, 7.300768560966254e-05, 1.3826191358800651e-05, 0.0005476107464906535, 7.300768560966254e-05, 0.002572323147276843, 0.00023219202375746373, 0.004738920840230524, 0.06380358876147395, 0.8590348047774627, 0.06380358876147395, 0.004738920840230524, 0.00035197660767839875], [2.2437527770245326e-07, 7.135981558081387e-07, 1.4971521216309948e-06, 1.941701630858728e-06, 1.4971521216309948e-06, 7.135981558081387e-07, 1.941701630858728e-06, 7.702652252524678e-06, 1.3826191358800653e-05, 7.300768560966255e-05, 7.300768560966255e-05, 0.0005476107464906536, 0.00023219202375746376, 0.0025723231472768436, 0.0003519766076783988, 0.004738920840230525, 0.06380358876147396, 0.8590348047774629, 0.06380358876147396, 0.004738920840230525], [4.950854042561361e-08, 2.207752439980831e-07, 7.021486884755905e-07, 1.4731307670787864e-06, 1.9105476134175034e-06, 1.4731307670787864e-06, 3.4798006322261343e-07, 1.8585652452965047e-05, 1.9105476134175034e-06, 0.0002284665727185963, 7.579065518700534e-06, 0.0025310509976730513, 1.8585652452965047e-05, 0.021341096577784324, 2.5723112570450954e-05, 0.00034632924909341043, 0.004662886283652523, 0.06277987941010023, 0.8452518502465856, 0.06277987941010023], [8.957041057442901e-09, 5.047307033333545e-08, 2.2507640747190206e-07, 7.158280133734822e-07, 1.5018304352697234e-06, 1.9477690765716543e-06, 5.047307033333545e-08, 2.622425259963791e-05, 2.2507640747190206e-07, 0.0003530764671652367, 7.158280133734822e-07, 0.004753729060236621, 1.5018304352697234e-06, 0.06400296275640072, 1.9477690765716543e-06, 2.622425259963791e-05, 0.0003530764671652367, 0.004753729060236621, 0.06400296275640072, 0.8617191240161485]]