[[0.577915677772533, 0.14832828687073915, 0.03807005335243384, 0.010584894862219777, 0.14832828687073915, 0.008460666659080802, 0.03807005335243384, 0.004587925549091623, 0.010584894862219777, 0.008460666659080802, 0.004587925549091623, 0.0020206676403367687], [0.13449092577447413, 0.5240026441547436, 0.13449092577447413, 0.0373934939377857, 0.07651575982543261, 0.026936890210355193, 0.025065608577809914, 0.01181649847055441, 0.0076713816066696265, 0.00959744320708016, 0.0076713816066696265, 0.004347046853950759], [0.034141858150005526, 0.13302327903489386, 0.5182844087585894, 0.14410239787821796, 0.024792077419533064, 0.08003981058778496, 0.011051035602363798, 0.025598253928547636, 0.004114528074068442, 0.00758766682711651, 0.00949271007248342, 0.0077719736663952954], [0.01041885520185733, 0.04059387384985076, 0.15816157938770842, 0.5688502194846119, 0.00832794864564755, 0.14600153930312124, 0.004515957181917912, 0.037472868513954226, 0.0019889704933103557, 0.004719095570535959, 0.008530237165627102, 0.01041885520185733], [0.13449092577447416, 0.07651575982543263, 0.02506560857780992, 0.007671381606669628, 0.5240026441547437, 0.009597443207080161, 0.13449092577447416, 0.007671381606669628, 0.03739349393778571, 0.026936890210355197, 0.011816498470554413, 0.00434704685395076], [0.007610524065153362, 0.026723198205661998, 0.08028092410063603, 0.13342400099892068, 0.009521306100575503, 0.5198456989907129, 0.007610524065153362, 0.13342400099892068, 0.004312561464231983, 0.012447652299794148, 0.02770275965683526, 0.03709684905340419], [0.034141858150005526, 0.024792077419533064, 0.011051035602363798, 0.004114528074068442, 0.13302327903489386, 0.00758766682711651, 0.5182844087585894, 0.00949271007248342, 0.14410239787821796, 0.08003981058778496, 0.025598253928547636, 0.0077719736663952954], [0.004081573035899808, 0.011593939006545526, 0.025393226421120393, 0.033868401214428225, 0.007526893915765038, 0.13195783795416816, 0.009416678844325305, 0.5141332443564084, 0.007709724561707957, 0.0273983409454908, 0.08397192041004221, 0.14294821933409815], [0.010418855201857329, 0.008327948645647548, 0.004515957181917911, 0.0019889704933103553, 0.040593873849850755, 0.004719095570535958, 0.15816157938770842, 0.0085302371656271, 0.5688502194846118, 0.14600153930312124, 0.037472868513954226, 0.010418855201857329], [0.0076105240651533615, 0.009521306100575501, 0.0076105240651533615, 0.004312561464231982, 0.02672319820566199, 0.012447652299794144, 0.08028092410063602, 0.027702759656835257, 0.13342400099892066, 0.5198456989907128, 0.13342400099892066, 0.037096849053404185], [0.004081573035899808, 0.007526893915765038, 0.009416678844325305, 0.007709724561707957, 0.011593939006545526, 0.0273983409454908, 0.025393226421120393, 0.08397192041004221, 0.033868401214428225, 0.13195783795416816, 0.5141332443564084, 0.14294821933409815], [0.001958252420896604, 0.004646212880747098, 0.008398494415374385, 0.010257944243331058, 0.004646212880747098, 0.03996693365105525, 0.008398494415374385, 0.1557188991845352, 0.010257944243331058, 0.03996693365105525, 0.1557188991845352, 0.5600647788290174]]