[[0.998894338470491, 0.0005524728460371887, 3.0556409607425967e-07, 0.0005524728460371887, 5.2047645762063234e-08, 3.0556409607425967e-07, 5.2047645762063234e-08, 6.139508295071053e-10], [0.000552445653291718, 0.9988451728333145, 0.000552445653291718, 2.4763110438960917e-05, 2.4763110438960917e-05, 5.2045083973925216e-08, 3.055490561917584e-07, 5.2045083973925216e-08], [3.0556409607425967e-07, 0.0005524728460371887, 0.998894338470491, 5.2047645762063234e-08, 0.0005524728460371887, 6.139508295071053e-10, 5.2047645762063234e-08, 3.0556409607425967e-07], [0.000552445653291718, 2.4763110438960917e-05, 5.2045083973925216e-08, 0.9988451728333145, 3.055490561917584e-07, 0.000552445653291718, 2.4763110438960917e-05, 5.2045083973925216e-08], [5.2045083973925216e-08, 2.4763110438960917e-05, 0.000552445653291718, 3.055490561917584e-07, 0.9988451728333145, 5.2045083973925216e-08, 2.4763110438960917e-05, 0.000552445653291718], [3.0556409607425967e-07, 5.2047645762063234e-08, 6.139508295071053e-10, 0.0005524728460371887, 5.2047645762063234e-08, 0.998894338470491, 0.0005524728460371887, 3.0556409607425967e-07], [5.2045083973925216e-08, 3.055490561917584e-07, 5.2045083973925216e-08, 2.4763110438960917e-05, 2.4763110438960917e-05, 0.000552445653291718, 0.9988451728333145, 0.000552445653291718], [6.139508295071054e-10, 5.204764576206324e-08, 3.055640960742597e-07, 5.204764576206324e-08, 0.0005524728460371887, 3.055640960742597e-07, 0.0005524728460371887, 0.9988943384704911]]