[[0.8004708029572444, 0.08869469314449602, 0.00982765213038821, 0.0010889348953333317, 0.00012065742565389074, 1.336922384231958e-05, 0.08869469314449602, 1.0729053447629621e-05, 0.00982765213038821, 5.731374256128403e-06, 0.0010889348953333317, 2.1532004942489513e-06, 0.00012065742565389074, 6.077177919462509e-07, 1.336922384231958e-05, 1.0729053447629621e-05, 5.731374256128403e-06, 2.1532004942489513e-06, 6.077177919462509e-07, 1.4071134820922102e-07], [0.08599409784363979, 0.7760978939105085, 0.08599409784363979, 0.009528417641594861, 0.0010557787688840906, 0.00011698362212425389, 0.03451101899400007, 8.885749823946689e-05, 0.005681860115093817, 4.159724516816752e-05, 0.000742508221360834, 1.2962154808033126e-05, 8.885749823946689e-05, 3.0680247271070393e-06, 1.0402372895546311e-05, 1.2962154808033126e-05, 1.0402372895546311e-05, 5.556864126662905e-06, 2.0876393774513916e-06, 5.892138684871209e-07], [0.009753875006573353, 0.08802885360611752, 0.7944615921349214, 0.08802885360611752, 0.009753875006573353, 0.0010807601569997568, 0.005816301872152549, 0.000760077135041958, 0.0015709250389327276, 0.000285550792829434, 0.000285550792829434, 6.985487820819822e-05, 4.25815014884446e-05, 1.3268859801179636e-05, 5.688348281814948e-06, 1.0648509417975338e-05, 1.3268859801179636e-05, 1.0648509417975338e-05, 5.688348281814948e-06, 2.1370362123477626e-06], [0.0010807601569997568, 0.009753875006573355, 0.08802885360611752, 0.7944615921349215, 0.08802885360611752, 0.009753875006573355, 0.0007600771350419581, 0.00581630187215255, 0.0002855507928294341, 0.0015709250389327278, 6.985487820819822e-05, 0.0002855507928294341, 1.3268859801179637e-05, 4.258150148844461e-05, 2.1370362123477626e-06, 5.688348281814948e-06, 1.0648509417975338e-05, 1.3268859801179637e-05, 1.0648509417975338e-05, 5.688348281814948e-06], [0.00011698362212425389, 0.0010557787688840906, 0.009528417641594861, 0.08599409784363979, 0.7760978939105085, 0.08599409784363979, 8.885749823946689e-05, 0.03451101899400007, 4.159724516816752e-05, 0.005681860115093817, 1.2962154808033126e-05, 0.000742508221360834, 3.0680247271070393e-06, 8.885749823946689e-05, 5.892138684871209e-07, 2.0876393774513916e-06, 5.556864126662905e-06, 1.0402372895546311e-05, 1.2962154808033126e-05, 1.0402372895546311e-05], [1.3369223842319582e-05, 0.00012065742565389075, 0.001088934895333332, 0.00982765213038821, 0.08869469314449603, 0.8004708029572444, 1.0729053447629623e-05, 0.08869469314449603, 5.731374256128404e-06, 0.00982765213038821, 2.1532004942489517e-06, 0.001088934895333332, 6.07717791946251e-07, 0.00012065742565389075, 1.4071134820922104e-07, 6.07717791946251e-07, 2.1532004942489517e-06, 5.731374256128404e-06, 1.0729053447629623e-05, 1.3369223842319582e-05], [0.08599409784363979, 0.03451101899400007, 0.005681860115093817, 0.000742508221360834, 8.885749823946689e-05, 1.0402372895546311e-05, 0.7760978939105085, 1.2962154808033126e-05, 0.08599409784363979, 1.0402372895546311e-05, 0.009528417641594861, 5.556864126662905e-06, 0.0010557787688840906, 2.0876393774513916e-06, 0.00011698362212425389, 8.885749823946689e-05, 4.159724516816752e-05, 1.2962154808033126e-05, 3.0680247271070393e-06, 5.892138684871209e-07], [1.0402372895546311e-05, 8.885749823946689e-05, 0.000742508221360834, 0.005681860115093817, 0.03451101899400007, 0.08599409784363979, 1.2962154808033126e-05, 0.7760978939105085, 1.0402372895546311e-05, 0.08599409784363979, 5.556864126662905e-06, 0.009528417641594861, 2.0876393774513916e-06, 0.0010557787688840906, 5.892138684871209e-07, 3.0680247271070393e-06, 1.2962154808033126e-05, 4.159724516816752e-05, 8.885749823946689e-05, 0.00011698362212425389], [0.009753875006573353, 0.005816301872152549, 0.0015709250389327276, 0.000285550792829434, 4.25815014884446e-05, 5.688348281814948e-06, 0.08802885360611752, 1.0648509417975338e-05, 0.7944615921349214, 1.3268859801179636e-05, 0.08802885360611752, 1.0648509417975338e-05, 0.009753875006573353, 5.688348281814948e-06, 0.0010807601569997568, 0.000760077135041958, 0.000285550792829434, 6.985487820819822e-05, 1.3268859801179636e-05, 2.1370362123477626e-06], [5.688348281814948e-06, 4.258150148844461e-05, 0.0002855507928294341, 0.0015709250389327278, 0.00581630187215255, 0.009753875006573355, 1.0648509417975338e-05, 0.08802885360611752, 1.3268859801179637e-05, 0.7944615921349215, 1.0648509417975338e-05, 0.08802885360611752, 5.688348281814948e-06, 0.009753875006573355, 2.1370362123477626e-06, 1.3268859801179637e-05, 6.985487820819822e-05, 0.0002855507928294341, 0.0007600771350419581, 0.0010807601569997568], [0.0010807601569997568, 0.000760077135041958, 0.000285550792829434, 6.985487820819822e-05, 1.3268859801179636e-05, 2.1370362123477626e-06, 0.009753875006573353, 5.688348281814948e-06, 0.08802885360611752, 1.0648509417975338e-05, 0.7944615921349214, 1.3268859801179636e-05, 0.08802885360611752, 1.0648509417975338e-05, 0.009753875006573353, 0.005816301872152549, 0.0015709250389327276, 0.000285550792829434, 4.25815014884446e-05, 5.688348281814948e-06], [2.1370362123477626e-06, 1.3268859801179636e-05, 6.985487820819822e-05, 0.000285550792829434, 0.000760077135041958, 0.0010807601569997568, 5.688348281814948e-06, 0.009753875006573353, 1.0648509417975338e-05, 0.08802885360611752, 1.3268859801179636e-05, 0.7944615921349214, 1.0648509417975338e-05, 0.08802885360611752, 5.688348281814948e-06, 4.25815014884446e-05, 0.000285550792829434, 0.0015709250389327276, 0.005816301872152549, 0.009753875006573353], [0.00011698362212425387, 8.885749823946688e-05, 4.159724516816752e-05, 1.2962154808033125e-05, 3.068024727107039e-06, 5.892138684871209e-07, 0.0010557787688840903, 2.0876393774513916e-06, 0.009528417641594861, 5.556864126662904e-06, 0.08599409784363977, 1.040237289554631e-05, 0.7760978939105084, 1.2962154808033125e-05, 0.08599409784363977, 0.03451101899400006, 0.005681860115093816, 0.000742508221360834, 8.885749823946688e-05, 1.040237289554631e-05], [5.892138684871209e-07, 3.0680247271070393e-06, 1.2962154808033126e-05, 4.159724516816752e-05, 8.885749823946689e-05, 0.00011698362212425389, 2.0876393774513916e-06, 0.0010557787688840906, 5.556864126662905e-06, 0.009528417641594861, 1.0402372895546311e-05, 0.08599409784363979, 1.2962154808033126e-05, 0.7760978939105085, 1.0402372895546311e-05, 8.885749823946689e-05, 0.000742508221360834, 0.005681860115093817, 0.03451101899400007, 0.08599409784363979], [1.3369223842319577e-05, 1.072905344762962e-05, 5.731374256128402e-06, 2.153200494248951e-06, 6.077177919462508e-07, 1.4071134820922102e-07, 0.00012065742565389071, 6.077177919462508e-07, 0.0010889348953333315, 2.153200494248951e-06, 0.009827652130388208, 5.731374256128402e-06, 0.088694693144496, 1.072905344762962e-05, 0.8004708029572443, 0.088694693144496, 0.009827652130388208, 0.0010889348953333315, 0.00012065742565389071, 1.3369223842319577e-05], [1.0402372895546311e-05, 1.2962154808033126e-05, 1.0402372895546311e-05, 5.556864126662905e-06, 2.0876393774513916e-06, 5.892138684871209e-07, 8.885749823946689e-05, 3.0680247271070393e-06, 0.000742508221360834, 1.2962154808033126e-05, 0.005681860115093817, 4.159724516816752e-05, 0.03451101899400007, 8.885749823946689e-05, 0.08599409784363979, 0.7760978939105085, 0.08599409784363979, 0.009528417641594861, 0.0010557787688840906, 0.00011698362212425389], [5.688348281814948e-06, 1.0648509417975338e-05, 1.3268859801179636e-05, 1.0648509417975338e-05, 5.688348281814948e-06, 2.1370362123477626e-06, 4.25815014884446e-05, 1.3268859801179636e-05, 0.000285550792829434, 6.985487820819822e-05, 0.0015709250389327276, 0.000285550792829434, 0.005816301872152549, 0.000760077135041958, 0.009753875006573353, 0.08802885360611752, 0.7944615921349214, 0.08802885360611752, 0.009753875006573353, 0.0010807601569997568], [2.1370362123477626e-06, 5.688348281814948e-06, 1.0648509417975338e-05, 1.3268859801179636e-05, 1.0648509417975338e-05, 5.688348281814948e-06, 1.3268859801179636e-05, 4.25815014884446e-05, 6.985487820819822e-05, 0.000285550792829434, 0.000285550792829434, 0.0015709250389327276, 0.000760077135041958, 0.005816301872152549, 0.0010807601569997568, 0.009753875006573353, 0.08802885360611752, 0.7944615921349214, 0.08802885360611752, 0.009753875006573353], [5.892138684871209e-07, 2.0876393774513916e-06, 5.556864126662905e-06, 1.0402372895546311e-05, 1.2962154808033126e-05, 1.0402372895546311e-05, 3.0680247271070393e-06, 8.885749823946689e-05, 1.2962154808033126e-05, 0.000742508221360834, 4.159724516816752e-05, 0.005681860115093817, 8.885749823946689e-05, 0.03451101899400007, 0.00011698362212425389, 0.0010557787688840906, 0.009528417641594861, 0.08599409784363979, 0.7760978939105085, 0.08599409784363979], [1.4071134820922102e-07, 6.077177919462509e-07, 2.1532004942489513e-06, 5.731374256128403e-06, 1.0729053447629621e-05, 1.336922384231958e-05, 6.077177919462509e-07, 0.00012065742565389074, 2.1532004942489513e-06, 0.0010889348953333317, 5.731374256128403e-06, 0.00982765213038821, 1.0729053447629621e-05, 0.08869469314449602, 1.336922384231958e-05, 0.00012065742565389074, 0.0010889348953333317, 0.00982765213038821, 0.08869469314449602, 0.8004708029572444]]