[[0.6842922380423891, 0.12500891752751642, 0.022837069591944373, 0.004610724831815196, 0.12500891752751642, 0.003484710864212108, 0.022837069591944373, 0.0016215542047527177, 0.004610724831815196, 0.003484710864212108, 0.0016215542047527177, 0.0005818079171294336], [0.11654234752749557, 0.6379466792738991, 0.11654234752749557, 0.023529494164724402, 0.05758457317727466, 0.015615354688000415, 0.014271359618434851, 0.005574790315372214, 0.0032486993136346, 0.00429845091319011, 0.0032486993136346, 0.0015972041668438713], [0.021015731190663977, 0.115039006936375, 0.6297174719662572, 0.12713776491038442, 0.0140872658991985, 0.06096325231639605, 0.005130849610758797, 0.014662178126798821, 0.001492229427290218, 0.003206792644941658, 0.004243002950506731, 0.0033044540204289234], [0.004539245750603952, 0.024847592436927277, 0.13601441381081858, 0.6736838017900788, 0.0034306881367784565, 0.12307093100825559, 0.0015964155966340628, 0.022483031385039112, 0.000572788273391235, 0.001686677915745298, 0.003535168145123905, 0.004539245750603952], [0.11654234752749557, 0.05758457317727466, 0.014271359618434851, 0.0032486993136346, 0.6379466792738991, 0.00429845091319011, 0.11654234752749557, 0.0032486993136346, 0.023529494164724402, 0.015615354688000415, 0.005574790315372214, 0.0015972041668438713], [0.003227166763364279, 0.015511855294136205, 0.061350577803150425, 0.11576989870583178, 0.004269960553991794, 0.63371833506131, 0.003227166763364279, 0.11576989870583178, 0.0015866178134469314, 0.005969150301732027, 0.016225832796538994, 0.02337353943730141], [0.021015731190663973, 0.014087265899198499, 0.005130849610758796, 0.001492229427290218, 0.11503900693637499, 0.0032067926449416578, 0.629717471966257, 0.004243002950506731, 0.12713776491038442, 0.060963252316396044, 0.01466217812679882, 0.003304454020428923], [0.0014821088599297732, 0.005465556678446599, 0.014562736607506059, 0.02087319873603309, 0.003185043602615743, 0.1142587917781118, 0.004214226144215524, 0.6254466152356962, 0.0032820426211550373, 0.016014042265313097, 0.06494014366334684, 0.12627549380763012], [0.0045392457506039504, 0.0034306881367784556, 0.0015964155966340624, 0.0005727882733912347, 0.02484759243692727, 0.0016866779157452977, 0.13601441381081855, 0.0035351681451239038, 0.6736838017900786, 0.12307093100825556, 0.022483031385039105, 0.0045392457506039504], [0.0032271667633642794, 0.004269960553991794, 0.0032271667633642794, 0.0015866178134469316, 0.015511855294136206, 0.005969150301732027, 0.06135057780315043, 0.016225832796538997, 0.11576989870583179, 0.63371833506131, 0.11576989870583179, 0.023373539437301413], [0.0014821088599297734, 0.0031850436026157436, 0.004214226144215525, 0.0032820426211550378, 0.0054655566784466, 0.0160140422653131, 0.01456273660750606, 0.06494014366334686, 0.02087319873603309, 0.11425879177811181, 0.6254466152356963, 0.12627549380763015], [0.0005640440195588303, 0.00166092889029569, 0.003481199848220452, 0.004469949085684568, 0.00166092889029569, 0.024468266138736424, 0.003481199848220452, 0.13393800161022323, 0.004469949085684568, 0.024468266138736424, 0.13393800161022323, 0.6633992648341204]]