[[0.910242096059043, 0.04267915397641988, 0.0020011271638933365, 0.00011233279874609506, 0.04267915397641988, 6.78612977249755e-05, 0.0020011271638933365, 1.712374133457349e-05, 0.00011233279874609506, 6.78612977249755e-05, 1.712374133457349e-05, 2.7059847192272998e-06], [0.04214977084061362, 0.898951646969522, 0.04214977084061362, 0.0023660673896509334, 0.011848831411726938, 0.0011311437032895998, 0.0009619712135337073, 0.00017714782024375449, 6.701956064158866e-05, 0.00011093944663590663, 6.701956064158866e-05, 1.8671242886516263e-05], [0.001957905947900988, 0.04175735102173076, 0.8905822908507854, 0.049992625681188396, 0.0009530151370982528, 0.01331479080846443, 0.00015472212825815267, 0.0010241628100563455, 1.6753895311705674e-05, 6.63955998625839e-05, 0.0001099065860369617, 7.00795333058073e-05], [0.00011135098653293097, 0.0023748445303291748, 0.05064963247152242, 0.902286389294656, 6.72681757548006e-05, 0.0423061292223917, 1.6974076245080372e-05, 0.0019836368929169517, 2.682333845434172e-06, 1.87405055483362e-05, 7.100052372425376e-05, 0.00011135098653293097], [0.04214977084061363, 0.01184883141172694, 0.0009619712135337075, 6.701956064158867e-05, 0.8989516469695221, 0.00011093944663590665, 0.04214977084061363, 6.701956064158867e-05, 0.002366067389650934, 0.0011311437032896, 0.0001771478202437545, 1.8671242886516267e-05], [6.689371354859192e-05, 0.0011290196794157064, 0.01341468115574281, 0.04207062340843128, 0.00011073112824760116, 0.8972636255854255, 6.689371354859192e-05, 0.04207062340843128, 1.8636182650110503e-05, 0.0002023714752324545, 0.0012242760820095255, 0.002361624467316447], [0.001957905947900988, 0.0009530151370982528, 0.00015472212825815267, 1.6753895311705674e-05, 0.04175735102173076, 6.63955998625839e-05, 0.8905822908507854, 0.0001099065860369617, 0.049992625681188396, 0.01331479080846443, 0.0010241628100563455, 7.00795333058073e-05], [1.6719272040586442e-05, 0.00017513586926186416, 0.0010220462953006372, 0.00195385977790894, 6.625838801946344e-05, 0.041671056099938084, 0.00010967945524407152, 0.8887418309734596, 6.993470831816035e-05, 0.001212648474446118, 0.015071518783593398, 0.049889311902468966], [0.00011135098653293096, 6.726817575480059e-05, 1.697407624508037e-05, 2.6823338454341717e-06, 0.0023748445303291743, 1.8740505548336196e-05, 0.05064963247152241, 7.100052372425375e-05, 0.9022863892946559, 0.04230612922239169, 0.0019836368929169513, 0.00011135098653293096], [6.689371354859192e-05, 0.00011073112824760116, 6.689371354859192e-05, 1.8636182650110503e-05, 0.0011290196794157064, 0.0002023714752324545, 0.01341468115574281, 0.0012242760820095255, 0.04207062340843128, 0.8972636255854255, 0.04207062340843128, 0.002361624467316447], [1.6719272040586442e-05, 6.625838801946344e-05, 0.00010967945524407152, 6.993470831816035e-05, 0.00017513586926186416, 0.001212648474446118, 0.0010220462953006372, 0.015071518783593398, 0.00195385977790894, 0.041671056099938084, 0.8887418309734596, 0.049889311902468966], [2.659092816700662e-06, 1.8578128807398162e-05, 7.038534108590378e-05, 0.00011038618810490471, 1.8578128807398162e-05, 0.0023542677367056107, 7.038534108590378e-05, 0.050210779729304635, 0.00011038618810490471, 0.0023542677367056107, 0.050210779729304635, 0.8944685466591664]]