[[0.7161138395107923, 0.11837282151122552, 0.019566895791457907, 0.0032343861202756307, 0.0005346404297608926, 8.837546863778676e-05, 0.11837282151122552, 7.381739637265444e-05, 0.019566895791457907, 4.4194238372996584e-05, 0.0032343861202756307, 1.9837903522306906e-05, 0.0005346404297608926, 7.046946673367426e-06, 8.837546863778676e-05, 7.381739637265444e-05, 4.4194238372996584e-05, 1.9837903522306906e-05, 7.046946673367426e-06, 2.1288766091276223e-06], [0.11284052655961649, 0.6826454053844061, 0.11284052655961649, 0.018652413586643036, 0.0030832232285213073, 0.0005096533718135428, 0.053462236911515144, 0.0004069664833385173, 0.012218797596574203, 0.00021870654006962136, 0.002311682357044532, 8.424513573916149e-05, 0.0004069664833385173, 2.5912638729938883e-05, 7.036745233922078e-05, 8.424513573916149e-05, 7.036745233922078e-05, 4.212876794896053e-05, 1.891075544806287e-05, 6.71759921837218e-06], [0.019220052980187422, 0.11627454477747318, 0.7034200049888106, 0.11627454477747318, 0.019220052980187422, 0.00317705338918497, 0.012590646034597674, 0.002382032607703765, 0.004314382289471204, 0.0010692464628486453, 0.0010692464628486453, 0.000337886296849342, 0.00022536232470535408, 8.680892500632028e-05, 4.341085126639484e-05, 7.250890914241445e-05, 8.680892500632028e-05, 7.250890914241445e-05, 4.341085126639484e-05, 1.9486256827771262e-05], [0.0031770533891849703, 0.019220052980187422, 0.11627454477747319, 0.7034200049888107, 0.11627454477747319, 0.019220052980187422, 0.0023820326077037654, 0.012590646034597676, 0.0010692464628486453, 0.004314382289471205, 0.00033788629684934206, 0.0010692464628486453, 8.680892500632029e-05, 0.0002253623247053541, 1.9486256827771262e-05, 4.3410851266394844e-05, 7.250890914241446e-05, 8.680892500632029e-05, 7.250890914241446e-05, 4.3410851266394844e-05], [0.000509653371813543, 0.0030832232285213077, 0.018652413586643036, 0.1128405265596165, 0.6826454053844061, 0.1128405265596165, 0.00040696648333851736, 0.05346223691151515, 0.0002187065400696214, 0.012218797596574205, 8.42451357391615e-05, 0.0023116823570445326, 2.5912638729938886e-05, 0.00040696648333851736, 6.7175992183721805e-06, 1.891075544806287e-05, 4.2128767948960534e-05, 7.036745233922078e-05, 8.42451357391615e-05, 7.036745233922078e-05], [8.837546863778676e-05, 0.0005346404297608926, 0.0032343861202756307, 0.019566895791457907, 0.11837282151122552, 0.7161138395107923, 7.381739637265444e-05, 0.11837282151122552, 4.4194238372996584e-05, 0.019566895791457907, 1.9837903522306906e-05, 0.0032343861202756307, 7.046946673367426e-06, 0.0005346404297608926, 2.1288766091276223e-06, 7.046946673367426e-06, 1.9837903522306906e-05, 4.4194238372996584e-05, 7.381739637265444e-05, 8.837546863778676e-05], [0.1128405265596165, 0.05346223691151515, 0.012218797596574205, 0.0023116823570445326, 0.00040696648333851736, 7.036745233922078e-05, 0.6826454053844061, 8.42451357391615e-05, 0.1128405265596165, 7.036745233922078e-05, 0.018652413586643036, 4.2128767948960534e-05, 0.0030832232285213077, 1.891075544806287e-05, 0.000509653371813543, 0.00040696648333851736, 0.0002187065400696214, 8.42451357391615e-05, 2.5912638729938886e-05, 6.7175992183721805e-06], [7.036745233922078e-05, 0.00040696648333851736, 0.0023116823570445326, 0.012218797596574205, 0.05346223691151515, 0.1128405265596165, 8.42451357391615e-05, 0.6826454053844061, 7.036745233922078e-05, 0.1128405265596165, 4.2128767948960534e-05, 0.018652413586643036, 1.891075544806287e-05, 0.0030832232285213077, 6.7175992183721805e-06, 2.5912638729938886e-05, 8.42451357391615e-05, 0.0002187065400696214, 0.00040696648333851736, 0.000509653371813543], [0.019220052980187422, 0.012590646034597676, 0.004314382289471205, 0.0010692464628486453, 0.0002253623247053541, 4.3410851266394844e-05, 0.11627454477747319, 7.250890914241446e-05, 0.7034200049888107, 8.680892500632029e-05, 0.11627454477747319, 7.250890914241446e-05, 0.019220052980187422, 4.3410851266394844e-05, 0.0031770533891849703, 0.0023820326077037654, 0.0010692464628486453, 0.00033788629684934206, 8.680892500632029e-05, 1.9486256827771262e-05], [4.341085126639485e-05, 0.00022536232470535413, 0.0010692464628486455, 0.004314382289471205, 0.012590646034597678, 0.019220052980187426, 7.250890914241446e-05, 0.1162745447774732, 8.680892500632029e-05, 0.7034200049888109, 7.250890914241446e-05, 0.1162745447774732, 4.341085126639485e-05, 0.019220052980187426, 1.9486256827771265e-05, 8.680892500632029e-05, 0.0003378862968493421, 0.0010692464628486455, 0.0023820326077037654, 0.0031770533891849707], [0.003177053389184971, 0.002382032607703766, 0.0010692464628486457, 0.00033788629684934217, 8.68089250063203e-05, 1.948625682777127e-05, 0.01922005298018743, 4.341085126639485e-05, 0.11627454477747322, 7.250890914241447e-05, 0.703420004988811, 8.68089250063203e-05, 0.11627454477747322, 7.250890914241447e-05, 0.01922005298018743, 0.012590646034597678, 0.004314382289471206, 0.0010692464628486457, 0.00022536232470535416, 4.341085126639485e-05], [1.948625682777127e-05, 8.68089250063203e-05, 0.00033788629684934217, 0.0010692464628486457, 0.002382032607703766, 0.003177053389184971, 4.341085126639485e-05, 0.01922005298018743, 7.250890914241447e-05, 0.11627454477747322, 8.68089250063203e-05, 0.703420004988811, 7.250890914241447e-05, 0.11627454477747322, 4.341085126639485e-05, 0.00022536232470535416, 0.0010692464628486457, 0.004314382289471206, 0.012590646034597678, 0.01922005298018743], [0.0005096533718135431, 0.0004069664833385174, 0.00021870654006962145, 8.424513573916152e-05, 2.5912638729938893e-05, 6.717599218372182e-06, 0.003083223228521308, 1.8910755448062877e-05, 0.018652413586643043, 4.212876794896054e-05, 0.11284052655961653, 7.036745233922081e-05, 0.6826454053844063, 8.424513573916152e-05, 0.11284052655961653, 0.053462236911515165, 0.012218797596574207, 0.002311682357044533, 0.0004069664833385174, 7.036745233922081e-05], [6.717599218372182e-06, 2.5912638729938893e-05, 8.424513573916152e-05, 0.00021870654006962145, 0.0004069664833385174, 0.0005096533718135431, 1.8910755448062877e-05, 0.003083223228521308, 4.212876794896054e-05, 0.018652413586643043, 7.036745233922081e-05, 0.11284052655961653, 8.424513573916152e-05, 0.6826454053844063, 7.036745233922081e-05, 0.0004069664833385174, 0.002311682357044533, 0.012218797596574207, 0.053462236911515165, 0.11284052655961653], [8.837546863778679e-05, 7.381739637265447e-05, 4.4194238372996605e-05, 1.9837903522306912e-05, 7.04694667336743e-06, 2.128876609127623e-06, 0.0005346404297608927, 7.04694667336743e-06, 0.003234386120275632, 1.9837903522306912e-05, 0.019566895791457914, 4.4194238372996605e-05, 0.11837282151122558, 7.381739637265447e-05, 0.7161138395107925, 0.11837282151122558, 0.019566895791457914, 0.003234386120275632, 0.0005346404297608927, 8.837546863778679e-05], [7.036745233922081e-05, 8.424513573916152e-05, 7.036745233922081e-05, 4.212876794896054e-05, 1.8910755448062877e-05, 6.717599218372182e-06, 0.0004069664833385174, 2.5912638729938893e-05, 0.002311682357044533, 8.424513573916152e-05, 0.012218797596574207, 0.00021870654006962145, 0.053462236911515165, 0.0004069664833385174, 0.11284052655961653, 0.6826454053844063, 0.11284052655961653, 0.018652413586643043, 0.003083223228521308, 0.0005096533718135431], [4.341085126639486e-05, 7.250890914241449e-05, 8.680892500632032e-05, 7.250890914241449e-05, 4.341085126639486e-05, 1.948625682777127e-05, 0.00022536232470535419, 8.680892500632032e-05, 0.0010692464628486457, 0.00033788629684934217, 0.004314382289471206, 0.0010692464628486457, 0.01259064603459768, 0.0023820326077037663, 0.01922005298018743, 0.11627454477747323, 0.703420004988811, 0.11627454477747323, 0.01922005298018743, 0.0031770533891849716], [1.948625682777127e-05, 4.341085126639486e-05, 7.250890914241449e-05, 8.680892500632032e-05, 7.250890914241449e-05, 4.341085126639486e-05, 8.680892500632032e-05, 0.00022536232470535419, 0.00033788629684934217, 0.0010692464628486457, 0.0010692464628486457, 0.004314382289471206, 0.0023820326077037663, 0.01259064603459768, 0.0031770533891849716, 0.01922005298018743, 0.11627454477747323, 0.703420004988811, 0.11627454477747323, 0.01922005298018743], [6.717599218372183e-06, 1.8910755448062877e-05, 4.212876794896055e-05, 7.036745233922081e-05, 8.424513573916153e-05, 7.036745233922081e-05, 2.5912638729938896e-05, 0.00040696648333851746, 8.424513573916153e-05, 0.0023116823570445335, 0.00021870654006962147, 0.012218797596574208, 0.00040696648333851746, 0.05346223691151517, 0.0005096533718135432, 0.0030832232285213086, 0.018652413586643043, 0.11284052655961654, 0.6826454053844063, 0.11284052655961654], [2.128876609127623e-06, 7.04694667336743e-06, 1.9837903522306912e-05, 4.4194238372996605e-05, 7.381739637265447e-05, 8.837546863778679e-05, 7.04694667336743e-06, 0.0005346404297608927, 1.9837903522306912e-05, 0.003234386120275632, 4.4194238372996605e-05, 0.019566895791457914, 7.381739637265447e-05, 0.11837282151122558, 8.837546863778679e-05, 0.0005346404297608927, 0.003234386120275632, 0.019566895791457914, 0.11837282151122558, 0.7161138395107925]]