[[0.8759126665673526, 0.0577005318091001, 0.0038010083631973236, 0.00029383596493978074, 0.0577005318091001, 0.0001877331743370637, 0.0038010083631973236, 5.520324121648685e-05, 0.00029383596493978074, 0.0001877331743370637, 5.520324121648685e-05, 1.070832706576842e-05], [0.05657221716634547, 0.8587844866966372, 0.05657221716634547, 0.004373300564346326, 0.018311293523133567, 0.0022694057246513155, 0.0019650506123509957, 0.0004367117126265201, 0.00018406211476631104, 0.0002880901007091637, 0.00018406211476631104, 5.91025033210563e-05], [0.0036856860657251854, 0.055949902171444604, 0.8493375445361753, 0.06565781842911855, 0.0019434343398579204, 0.020256114250137527, 0.00038614462105431523, 0.002071880577214613, 5.352837918076146e-05, 0.00018203736446042448, 0.00028492100466637204, 0.00019098826096448313], [0.00029072937768391007, 0.004413365639316663, 0.06699631258963389, 0.8666520604745228, 0.0001857483611879341, 0.05709049165689529, 5.461960372445609e-05, 0.0037608221179805863, 1.0595113040381744e-05, 5.964395849699311e-05, 0.00019488172983299137, 0.00029072937768391007], [0.05657221716634547, 0.018311293523133567, 0.0019650506123509957, 0.00018406211476631104, 0.8587844866966372, 0.0002880901007091637, 0.05657221716634547, 0.00018406211476631104, 0.004373300564346326, 0.0022694057246513155, 0.0004367117126265201, 5.91025033210563e-05], [0.00018356656186757197, 0.0022632957731999054, 0.020426274906341316, 0.05641990702777908, 0.0002873144718694879, 0.8564723697120259, 0.00018356656186757197, 0.05641990702777908, 5.894338085915983e-05, 0.0004910654099267998, 0.0024322628978663175, 0.004361526268617568], [0.0036856860657251845, 0.00194343433985792, 0.0003861446210543152, 5.352837918076145e-05, 0.0559499021714446, 0.00018203736446042445, 0.8493375445361752, 0.00028492100466637204, 0.06565781842911854, 0.020256114250137524, 0.0020718805772146124, 0.0001909882609644831], [5.3372800680260256e-05, 0.0004306523989041708, 0.002065858723417544, 0.003674973738540995, 0.00018150827875614218, 0.05578728559279522, 0.00028409289099385455, 0.8468689724699058, 0.00019043315976939845, 0.0024049905798891077, 0.0225908732600775, 0.06546698610627001], [0.0002907293776839101, 0.00018574836118793412, 5.4619603724456095e-05, 1.0595113040381745e-05, 0.004413365639316664, 5.9643958496993125e-05, 0.0669963125896339, 0.0001948817298329914, 0.8666520604745229, 0.0570904916568953, 0.0037608221179805867, 0.0002907293776839101], [0.000183566561867572, 0.000287314471869488, 0.000183566561867572, 5.894338085915984e-05, 0.002263295773199906, 0.0004910654099267999, 0.02042627490634132, 0.002432262897866318, 0.0564199070277791, 0.856472369712026, 0.0564199070277791, 0.004361526268617568], [5.3372800680260256e-05, 0.00018150827875614218, 0.00028409289099385455, 0.00019043315976939845, 0.0004306523989041708, 0.0024049905798891077, 0.002065858723417544, 0.0225908732600775, 0.003674973738540995, 0.05578728559279522, 0.8468689724699058, 0.06546698610627001], [1.0484267885645983e-05, 5.901996857036801e-05, 0.00019284289405878312, 0.0002876877921215116, 5.901996857036801e-05, 0.0043671933903438554, 0.00019284289405878312, 0.06629540297145242, 0.0002876877921215116, 0.0043671933903438554, 0.06629540297145242, 0.8575852216990204]]