[[0.8293517447900602, 0.07675698293953093, 0.007103903099005155, 0.0007562708991752282, 0.07675698293953093, 0.0005110153578414034, 0.007103903099005155, 0.00017510742526320204, 0.0007562708991752282, 0.0005110153578414034, 0.00017510742526320204, 4.169576830822195e-05], [0.07442305967781729, 0.8041339306553748, 0.07442305967781729, 0.007922967624628312, 0.027736960440542014, 0.00446275298012547, 0.003934429284805552, 0.0010552374743018481, 0.000495477089073094, 0.0007332752292551028, 0.000495477089073094, 0.00018337277718611994], [0.006802108375296476, 0.07349612026501168, 0.7941184403392607, 0.08454066145850267, 0.0038854259572512844, 0.03021180129223093, 0.000944813825751204, 0.004109217492719064, 0.0001676683461696194, 0.0004893059205670921, 0.0007241422842596524, 0.00051029444297948], [0.0007468324090683494, 0.008069451635619292, 0.08718964108805764, 0.8190011835733579, 0.0005046377312466087, 0.07579903252136896, 0.00017292203150708874, 0.007015244234577991, 4.1175392478469596e-05, 0.0001867630699629427, 0.0005262839036863999, 0.0007468324090683494], [0.07442305967781729, 0.027736960440542014, 0.003934429284805552, 0.000495477089073094, 0.8041339306553748, 0.0007332752292551028, 0.07442305967781729, 0.000495477089073094, 0.007922967624628312, 0.00446275298012547, 0.0010552374743018481, 0.00018337277718611994], [0.000493605719667317, 0.004445897590488444, 0.030477288936161244, 0.07414197092510438, 0.000730505719099529, 0.8010967939861682, 0.000493605719667317, 0.07414197092510438, 0.00018268019580819906, 0.0011676366879703492, 0.004735000258343987, 0.007893043336416666], [0.006802108375296476, 0.0038854259572512844, 0.000944813825751204, 0.0001676683461696194, 0.07349612026501168, 0.0004893059205670921, 0.7941184403392607, 0.0007241422842596524, 0.08454066145850267, 0.03021180129223093, 0.004109217492719064, 0.00051029444297948], [0.00016699763364308147, 0.0010379258674299387, 0.0040927796634591075, 0.006774898353855907, 0.00048734858265727857, 0.07320211862642084, 0.000721245546072962, 0.7909417811924501, 0.000508253146080286, 0.004674977563754883, 0.03318919474736503, 0.08420247907681054], [0.0007468324090683494, 0.0005046377312466087, 0.00017292203150708874, 4.1175392478469596e-05, 0.008069451635619292, 0.0001867630699629427, 0.08718964108805764, 0.0005262839036863999, 0.8190011835733579, 0.07579903252136896, 0.007015244234577991, 0.0007468324090683494], [0.000493605719667317, 0.000730505719099529, 0.000493605719667317, 0.00018268019580819906, 0.004445897590488444, 0.0011676366879703492, 0.030477288936161244, 0.004735000258343987, 0.07414197092510438, 0.8010967939861682, 0.07414197092510438, 0.007893043336416666], [0.00016699763364308147, 0.00048734858265727857, 0.000721245546072962, 0.000508253146080286, 0.0010379258674299387, 0.004674977563754883, 0.0040927796634591075, 0.03318919474736503, 0.006774898353855907, 0.07320211862642084, 0.7909417811924501, 0.08420247907681054], [4.0667845437784554e-05, 0.00018446094148855084, 0.0005197966834852597, 0.0007376266054003327, 0.00018446094148855084, 0.00796998382120195, 0.0005197966834852597, 0.08611490101519072, 0.0007376266054003327, 0.00796998382120195, 0.08611490101519072, 0.8089057940210286]]