[[0.9353410783579891, 0.031215390313023676, 0.0010417596478334873, 4.2464419261419567e-05, 0.031215390313023676, 2.4256061173199044e-05, 0.0010417596478334873, 5.252302392596548e-06, 4.2464419261419567e-05, 2.4256061173199044e-05, 5.252302392596548e-06, 6.761546421249096e-07], [0.030971887399863167, 0.928044732706215, 0.030971887399863167, 0.001262482391788214, 0.007561578275261176, 0.0005560372085999741, 0.0004644413167798341, 7.086914964530124e-05, 2.4066846125805925e-05, 4.213316568130621e-05, 2.4066846125805925e-05, 5.81729405111143e-06], [0.0010257315095237715, 0.030735121573137833, 0.9209502577864124, 0.03753996226181872, 0.0004608908766367104, 0.008631394036939967, 6.113969359142786e-05, 0.0004992771262699231, 5.171492361829792e-06, 2.388286616210268e-05, 4.181107701824546e-05, 2.5359700127172145e-05], [4.216320814380351e-05, 0.001263382587140153, 0.03785612223920683, 0.9287064619788035, 2.408400665268472e-05, 0.030993971469517913, 5.215046452182243e-06, 0.0010343701769948664, 6.713585022276011e-07, 5.821441990995373e-06, 2.557327845106222e-05, 4.216320814380351e-05], [0.030971887399863174, 0.007561578275261178, 0.00046444131677983414, 2.406684612580593e-05, 0.9280447327062151, 4.213316568130622e-05, 0.030971887399863174, 2.406684612580593e-05, 0.0012624823917882142, 0.0005560372085999742, 7.086914964530124e-05, 5.8172940511114305e-06], [2.4035798209259966e-05, 0.0005553198816698555, 0.008686664486932482, 0.030931931496616223, 4.207881094761771e-05, 0.9268474900238394, 2.4035798209259966e-05, 0.030931931496616223, 5.8097893344868215e-06, 8.223198276181867e-05, 0.0006076167337533763, 0.001260853701109922], [0.0010257315095237715, 0.0004608908766367104, 6.113969359142786e-05, 5.171492361829792e-06, 0.030735121573137833, 2.388286616210268e-05, 0.9209502577864124, 4.181107701824546e-05, 0.03753996226181872, 0.008631394036939967, 0.0004992771262699231, 2.5359700127172145e-05], [5.164009093731993e-06, 7.022562226497865e-05, 0.0004985546608132296, 0.0010242472524959975, 2.3848307106818372e-05, 0.03069064714706156, 4.175057543052301e-05, 0.9196176216339123, 2.5323004059257184e-05, 0.000602877022998545, 0.009914099689621614, 0.03748564107514157], [4.216320814380351e-05, 2.408400665268472e-05, 5.215046452182243e-06, 6.713585022276011e-07, 0.001263382587140153, 5.821441990995373e-06, 0.03785612223920683, 2.557327845106222e-05, 0.9287064619788035, 0.030993971469517913, 0.0010343701769948664, 4.216320814380351e-05], [2.4035798209259966e-05, 4.207881094761771e-05, 2.4035798209259966e-05, 5.8097893344868215e-06, 0.0005553198816698555, 8.223198276181867e-05, 0.008686664486932482, 0.0006076167337533763, 0.030931931496616223, 0.9268474900238394, 0.030931931496616223, 0.001260853701109922], [5.164009093731993e-06, 2.3848307106818372e-05, 4.175057543052301e-05, 2.5323004059257184e-05, 7.022562226497865e-05, 0.000602877022998545, 0.0004985546608132296, 0.009914099689621614, 0.0010242472524959975, 0.03069064714706156, 0.9196176216339123, 0.03748564107514157], [6.666299236240655e-07, 5.780439834995251e-06, 2.539315820695313e-05, 4.186624006605715e-05, 5.780439834995251e-06, 0.0012544842059476781, 2.539315820695313e-05, 0.03758949025489563, 4.186624006605715e-05, 0.0012544842059476781, 0.03758949025489563, 0.9221653047721737]]