[[0.921668352239178, 0.03756923337437809, 0.0015314047541172392, 6.242343296076672e-05, 2.5445167073766443e-06, 1.0372010905244754e-07, 0.03756923337437809, 7.531625731361305e-08, 0.0015314047541172392, 3.025604538904931e-08, 6.242343296076672e-05, 7.284115453891967e-09, 2.5445167073766443e-06, 1.1568444678527659e-09, 1.0372010905244754e-07, 7.531625731361305e-08, 3.025604538904931e-08, 7.284115453891967e-09, 1.1568444678527659e-09, 1.3775149363561442e-10], [0.03722958683352388, 0.9133359632193282, 0.03722958683352388, 0.0015175600125383931, 6.185909078050203e-05, 2.521512876311099e-06, 0.009866091629277863, 1.6902206273283126e-06, 0.0007154123352508415, 5.603795646292257e-07, 3.7071892544709634e-05, 1.0278242219826991e-07, 1.6902206273283126e-06, 1.2636814608163918e-08, 7.463535690737531e-08, 1.0278242219826991e-07, 7.463535690737531e-08, 2.998251409140704e-08, 7.218263042360344e-09, 1.1463859573503798e-09], [0.0015301513834225433, 0.03753848501996229, 0.9209140173059609, 0.03753848501996229, 0.0015301513834225433, 6.237234280884902e-05, 0.0007213481941123121, 3.737948232340116e-05, 0.00010746035113737017, 8.999076427513379e-06, 8.999076427513379e-06, 1.1608145452836727e-06, 5.650290986679769e-07, 1.0363521983894112e-07, 3.0231282477398375e-08, 7.525461509296743e-08, 1.0363521983894112e-07, 7.525461509296743e-08, 3.0231282477398375e-08, 7.278153805397574e-09], [6.237234280884902e-05, 0.0015301513834225433, 0.03753848501996229, 0.9209140173059609, 0.03753848501996229, 0.0015301513834225433, 3.737948232340116e-05, 0.0007213481941123121, 8.999076427513379e-06, 0.00010746035113737017, 1.1608145452836727e-06, 8.999076427513379e-06, 1.0363521983894112e-07, 5.650290986679769e-07, 7.278153805397574e-09, 3.0231282477398375e-08, 7.525461509296743e-08, 1.0363521983894112e-07, 7.525461509296743e-08, 3.0231282477398375e-08], [2.521512876311099e-06, 6.185909078050203e-05, 0.0015175600125383931, 0.03722958683352388, 0.9133359632193282, 0.03722958683352388, 1.6902206273283126e-06, 0.009866091629277863, 5.603795646292257e-07, 0.0007154123352508415, 1.0278242219826991e-07, 3.7071892544709634e-05, 1.2636814608163918e-08, 1.6902206273283126e-06, 1.1463859573503798e-09, 7.218263042360344e-09, 2.998251409140704e-08, 7.463535690737531e-08, 1.0278242219826991e-07, 7.463535690737531e-08], [1.0372010905244754e-07, 2.5445167073766443e-06, 6.242343296076672e-05, 0.0015314047541172392, 0.03756923337437809, 0.921668352239178, 7.531625731361305e-08, 0.03756923337437809, 3.025604538904931e-08, 0.0015314047541172392, 7.284115453891967e-09, 6.242343296076672e-05, 1.1568444678527659e-09, 2.5445167073766443e-06, 1.3775149363561442e-10, 1.1568444678527659e-09, 7.284115453891967e-09, 3.025604538904931e-08, 7.531625731361305e-08, 1.0372010905244754e-07], [0.03722958683352388, 0.009866091629277863, 0.0007154123352508415, 3.7071892544709634e-05, 1.6902206273283126e-06, 7.463535690737531e-08, 0.9133359632193282, 1.0278242219826991e-07, 0.03722958683352388, 7.463535690737531e-08, 0.0015175600125383931, 2.998251409140704e-08, 6.185909078050203e-05, 7.218263042360344e-09, 2.521512876311099e-06, 1.6902206273283126e-06, 5.603795646292257e-07, 1.0278242219826991e-07, 1.2636814608163918e-08, 1.1463859573503798e-09], [7.463535690737531e-08, 1.6902206273283126e-06, 3.7071892544709634e-05, 0.0007154123352508415, 0.009866091629277863, 0.03722958683352388, 1.0278242219826991e-07, 0.9133359632193282, 7.463535690737531e-08, 0.03722958683352388, 2.998251409140704e-08, 0.0015175600125383931, 7.218263042360344e-09, 6.185909078050203e-05, 1.1463859573503798e-09, 1.2636814608163918e-08, 1.0278242219826991e-07, 5.603795646292257e-07, 1.6902206273283126e-06, 2.521512876311099e-06], [0.0015301513834225433, 0.0007213481941123121, 0.00010746035113737017, 8.999076427513379e-06, 5.650290986679769e-07, 3.0231282477398375e-08, 0.03753848501996229, 7.525461509296743e-08, 0.9209140173059609, 1.0363521983894112e-07, 0.03753848501996229, 7.525461509296743e-08, 0.0015301513834225433, 3.0231282477398375e-08, 6.237234280884902e-05, 3.737948232340116e-05, 8.999076427513379e-06, 1.1608145452836727e-06, 1.0363521983894112e-07, 7.278153805397574e-09], [3.023128247739837e-08, 5.650290986679769e-07, 8.999076427513379e-06, 0.00010746035113737016, 0.000721348194112312, 0.001530151383422543, 7.525461509296741e-08, 0.03753848501996229, 1.0363521983894111e-07, 0.9209140173059608, 7.525461509296741e-08, 0.03753848501996229, 3.023128247739837e-08, 0.001530151383422543, 7.278153805397573e-09, 1.0363521983894111e-07, 1.1608145452836725e-06, 8.999076427513379e-06, 3.737948232340116e-05, 6.237234280884901e-05], [6.237234280884901e-05, 3.737948232340116e-05, 8.999076427513379e-06, 1.1608145452836725e-06, 1.0363521983894111e-07, 7.278153805397573e-09, 0.001530151383422543, 3.023128247739837e-08, 0.03753848501996229, 7.525461509296741e-08, 0.9209140173059608, 1.0363521983894111e-07, 0.03753848501996229, 7.525461509296741e-08, 0.001530151383422543, 0.000721348194112312, 0.00010746035113737016, 8.999076427513379e-06, 5.650290986679769e-07, 3.023128247739837e-08], [7.278153805397573e-09, 1.0363521983894111e-07, 1.1608145452836725e-06, 8.999076427513379e-06, 3.737948232340116e-05, 6.237234280884901e-05, 3.023128247739837e-08, 0.001530151383422543, 7.525461509296741e-08, 0.03753848501996229, 1.0363521983894111e-07, 0.9209140173059608, 7.525461509296741e-08, 0.03753848501996229, 3.023128247739837e-08, 5.650290986679769e-07, 8.999076427513379e-06, 0.00010746035113737016, 0.000721348194112312, 0.001530151383422543], [2.5215128763111e-06, 1.690220627328313e-06, 5.603795646292258e-07, 1.0278242219826993e-07, 1.2636814608163922e-08, 1.14638595735038e-09, 6.185909078050204e-05, 7.218263042360346e-09, 0.0015175600125383935, 2.9982514091407046e-08, 0.03722958683352389, 7.463535690737532e-08, 0.9133359632193284, 1.0278242219826993e-07, 0.03722958683352389, 0.009866091629277865, 0.0007154123352508418, 3.707189254470964e-05, 1.690220627328313e-06, 7.463535690737532e-08], [1.1463859573503798e-09, 1.263681460816392e-08, 1.0278242219826992e-07, 5.603795646292258e-07, 1.6902206273283128e-06, 2.5215128763110996e-06, 7.218263042360345e-09, 6.185909078050203e-05, 2.9982514091407046e-08, 0.0015175600125383933, 7.463535690737531e-08, 0.037229586833523884, 1.0278242219826992e-07, 0.9133359632193283, 7.463535690737531e-08, 1.6902206273283128e-06, 3.7071892544709634e-05, 0.0007154123352508416, 0.009866091629277863, 0.037229586833523884], [1.0372010905244756e-07, 7.531625731361305e-08, 3.025604538904931e-08, 7.284115453891968e-09, 1.156844467852766e-09, 1.3775149363561444e-10, 2.5445167073766447e-06, 1.156844467852766e-09, 6.242343296076672e-05, 7.284115453891968e-09, 0.0015314047541172395, 3.025604538904931e-08, 0.0375692333743781, 7.531625731361305e-08, 0.9216683522391781, 0.0375692333743781, 0.0015314047541172395, 6.242343296076672e-05, 2.5445167073766447e-06, 1.0372010905244756e-07], [7.463535690737531e-08, 1.0278242219826992e-07, 7.463535690737531e-08, 2.9982514091407046e-08, 7.218263042360345e-09, 1.1463859573503798e-09, 1.6902206273283128e-06, 1.263681460816392e-08, 3.7071892544709634e-05, 1.0278242219826992e-07, 0.0007154123352508416, 5.603795646292258e-07, 0.009866091629277863, 1.6902206273283128e-06, 0.037229586833523884, 0.9133359632193283, 0.037229586833523884, 0.0015175600125383933, 6.185909078050203e-05, 2.5215128763110996e-06], [3.023128247739837e-08, 7.525461509296741e-08, 1.0363521983894111e-07, 7.525461509296741e-08, 3.023128247739837e-08, 7.278153805397573e-09, 5.650290986679769e-07, 1.0363521983894111e-07, 8.999076427513379e-06, 1.1608145452836725e-06, 0.00010746035113737016, 8.999076427513379e-06, 0.000721348194112312, 3.737948232340116e-05, 0.001530151383422543, 0.03753848501996229, 0.9209140173059608, 0.03753848501996229, 0.001530151383422543, 6.237234280884901e-05], [7.278153805397572e-09, 3.023128247739836e-08, 7.52546150929674e-08, 1.036352198389411e-07, 7.52546150929674e-08, 3.023128247739836e-08, 1.036352198389411e-07, 5.650290986679768e-07, 1.1608145452836723e-06, 8.999076427513377e-06, 8.999076427513377e-06, 0.00010746035113737015, 3.737948232340115e-05, 0.0007213481941123119, 6.2372342808849e-05, 0.0015301513834225428, 0.037538485019962285, 0.9209140173059607, 0.037538485019962285, 0.0015301513834225428], [1.1463859573503798e-09, 7.218263042360345e-09, 2.9982514091407046e-08, 7.463535690737531e-08, 1.0278242219826992e-07, 7.463535690737531e-08, 1.263681460816392e-08, 1.6902206273283128e-06, 1.0278242219826992e-07, 3.7071892544709634e-05, 5.603795646292258e-07, 0.0007154123352508416, 1.6902206273283128e-06, 0.009866091629277863, 2.5215128763110996e-06, 6.185909078050203e-05, 0.0015175600125383933, 0.037229586833523884, 0.9133359632193283, 0.037229586833523884], [1.3775149363561444e-10, 1.156844467852766e-09, 7.284115453891969e-09, 3.0256045389049314e-08, 7.531625731361307e-08, 1.0372010905244757e-07, 1.156844467852766e-09, 2.544516707376645e-06, 7.284115453891969e-09, 6.242343296076673e-05, 3.0256045389049314e-08, 0.0015314047541172397, 7.531625731361307e-08, 0.037569233374378105, 1.0372010905244757e-07, 2.544516707376645e-06, 6.242343296076673e-05, 0.0015314047541172397, 0.037569233374378105, 0.9216683522391782]]