[[0.9995931348949133, 0.00020338558483130493, 4.1382533225901676e-08, 0.00020338558483130493, 5.567014362031735e-09, 4.1382533225901676e-08, 5.567014362031735e-09, 3.632892180693128e-11], [0.00020338314203213636, 0.9995811291016765, 0.00020338314203213636, 6.026049163965866e-06, 6.026049163965866e-06, 5.5669474984038815e-09, 4.138203619353903e-08, 5.5669474984038815e-09], [4.1382533225901676e-08, 0.00020338558483130493, 0.9995931348949133, 5.567014362031735e-09, 0.00020338558483130493, 3.632892180693128e-11, 5.567014362031735e-09, 4.1382533225901676e-08], [0.00020338314203213636, 6.026049163965866e-06, 5.5669474984038815e-09, 0.9995811291016765, 4.138203619353903e-08, 0.00020338314203213636, 6.026049163965866e-06, 5.5669474984038815e-09], [5.5669474984038815e-09, 6.026049163965866e-06, 0.00020338314203213636, 4.138203619353903e-08, 0.9995811291016765, 5.5669474984038815e-09, 6.026049163965866e-06, 0.00020338314203213636], [4.1382533225901676e-08, 5.567014362031735e-09, 3.632892180693128e-11, 0.00020338558483130493, 5.567014362031735e-09, 0.9995931348949133, 0.00020338558483130493, 4.1382533225901676e-08], [5.566947498403882e-09, 4.138203619353904e-08, 5.566947498403882e-09, 6.026049163965867e-06, 6.026049163965867e-06, 0.0002033831420321364, 0.9995811291016766, 0.0002033831420321364], [3.632892180693128e-11, 5.567014362031735e-09, 4.1382533225901676e-08, 5.567014362031735e-09, 0.00020338558483130493, 4.1382533225901676e-08, 0.00020338558483130493, 0.9995931348949133]]