[[0.6635849994530496, 0.13397550078305612, 0.027049187104689218, 0.005461136691022691, 0.0011025844822103359, 0.00022260796775320694, 0.13397550078305612, 0.000189693997095286, 0.027049187104689218, 0.00012023068017352424, 0.005461136691022691, 5.899261297422769e-05, 0.0011025844822103359, 2.3509679553559083e-05, 0.00022260796775320694, 0.000189693997095286, 0.00012023068017352424, 5.899261297422769e-05, 2.3509679553559083e-05, 8.112549893733741e-06], [0.1263504719065405, 0.6258179841907188, 0.1263504719065405, 0.02550972032491202, 0.005150323708617229, 0.001039832423315139, 0.06504371411787291, 0.0008513427830157066, 0.017515033490341222, 0.0004902006748247809, 0.003987081735706335, 0.00020993854556527114, 0.0008513427830157066, 7.36124999598013e-05, 0.00017889782766804583, 0.00020993854556527114, 0.00017889782766804583, 0.00011338791860287908, 5.563513063752808e-05, 2.217165891227936e-05], [0.0263226539793496, 0.13037695865585186, 0.6457613036164552, 0.13037695865585186, 0.0263226539793496, 0.005314452182808847, 0.018073195634086672, 0.004114140475851902, 0.00697568085424434, 0.0020186519485979066, 0.0020186519485979066, 0.0007250098314891438, 0.0005058221955987235, 0.0002166287839089279, 0.00011700131984228399, 0.00018459887271929653, 0.0002166287839089279, 0.00018459887271929653, 0.00011700131984228399, 5.7408088925122863e-05], [0.005314452182808847, 0.0263226539793496, 0.13037695865585186, 0.6457613036164552, 0.13037695865585186, 0.0263226539793496, 0.004114140475851902, 0.018073195634086672, 0.0020186519485979066, 0.00697568085424434, 0.0007250098314891438, 0.0020186519485979066, 0.0002166287839089279, 0.0005058221955987235, 5.7408088925122863e-05, 0.00011700131984228399, 0.00018459887271929653, 0.0002166287839089279, 0.00018459887271929653, 0.00011700131984228399], [0.001039832423315139, 0.005150323708617229, 0.02550972032491202, 0.1263504719065405, 0.6258179841907188, 0.1263504719065405, 0.0008513427830157066, 0.06504371411787291, 0.0004902006748247809, 0.017515033490341222, 0.00020993854556527114, 0.003987081735706335, 7.36124999598013e-05, 0.0008513427830157066, 2.217165891227936e-05, 5.563513063752808e-05, 0.00011338791860287908, 0.00017889782766804583, 0.00020993854556527114, 0.00017889782766804583], [0.00022260796775320696, 0.001102584482210336, 0.0054611366910226914, 0.02704918710468922, 0.13397550078305612, 0.6635849994530497, 0.00018969399709528603, 0.13397550078305612, 0.00012023068017352425, 0.02704918710468922, 5.89926129742277e-05, 0.0054611366910226914, 2.3509679553559086e-05, 0.001102584482210336, 8.112549893733743e-06, 2.3509679553559086e-05, 5.89926129742277e-05, 0.00012023068017352425, 0.00018969399709528603, 0.00022260796775320696], [0.1263504719065405, 0.06504371411787291, 0.017515033490341222, 0.003987081735706335, 0.0008513427830157066, 0.00017889782766804583, 0.6258179841907188, 0.00020993854556527114, 0.1263504719065405, 0.00017889782766804583, 0.02550972032491202, 0.00011338791860287908, 0.005150323708617229, 5.563513063752808e-05, 0.001039832423315139, 0.0008513427830157066, 0.0004902006748247809, 0.00020993854556527114, 7.36124999598013e-05, 2.217165891227936e-05], [0.00017889782766804583, 0.0008513427830157066, 0.003987081735706335, 0.017515033490341222, 0.06504371411787291, 0.1263504719065405, 0.00020993854556527114, 0.6258179841907188, 0.00017889782766804583, 0.1263504719065405, 0.00011338791860287908, 0.02550972032491202, 5.563513063752808e-05, 0.005150323708617229, 2.217165891227936e-05, 7.36124999598013e-05, 0.00020993854556527114, 0.0004902006748247809, 0.0008513427830157066, 0.001039832423315139], [0.026322653979349603, 0.018073195634086672, 0.006975680854244341, 0.002018651948597907, 0.0005058221955987236, 0.000117001319842284, 0.1303769586558519, 0.00018459887271929655, 0.6457613036164552, 0.00021662878390892794, 0.1303769586558519, 0.00018459887271929655, 0.026322653979349603, 0.000117001319842284, 0.005314452182808848, 0.004114140475851903, 0.002018651948597907, 0.0007250098314891439, 0.00021662878390892794, 5.740808892512287e-05], [0.000117001319842284, 0.0005058221955987236, 0.002018651948597907, 0.006975680854244341, 0.018073195634086672, 0.026322653979349603, 0.00018459887271929655, 0.1303769586558519, 0.00021662878390892794, 0.6457613036164552, 0.00018459887271929655, 0.1303769586558519, 0.000117001319842284, 0.026322653979349603, 5.740808892512287e-05, 0.00021662878390892794, 0.0007250098314891439, 0.002018651948597907, 0.004114140475851903, 0.005314452182808848], [0.005314452182808848, 0.004114140475851903, 0.002018651948597907, 0.0007250098314891439, 0.00021662878390892794, 5.740808892512287e-05, 0.026322653979349603, 0.000117001319842284, 0.1303769586558519, 0.00018459887271929655, 0.6457613036164552, 0.00021662878390892794, 0.1303769586558519, 0.00018459887271929655, 0.026322653979349603, 0.018073195634086672, 0.006975680854244341, 0.002018651948597907, 0.0005058221955987236, 0.000117001319842284], [5.740808892512288e-05, 0.00021662878390892796, 0.000725009831489144, 0.002018651948597907, 0.004114140475851903, 0.005314452182808849, 0.00011700131984228402, 0.026322653979349606, 0.00018459887271929655, 0.1303769586558519, 0.00021662878390892796, 0.6457613036164553, 0.00018459887271929655, 0.1303769586558519, 0.00011700131984228402, 0.0005058221955987236, 0.002018651948597907, 0.006975680854244342, 0.018073195634086676, 0.026322653979349606], [0.0010398324233151389, 0.0008513427830157065, 0.0004902006748247809, 0.0002099385455652711, 7.36124999598013e-05, 2.2171658912279358e-05, 0.005150323708617228, 5.5635130637528076e-05, 0.025509720324912017, 0.00011338791860287907, 0.1263504719065405, 0.0001788978276680458, 0.6258179841907187, 0.0002099385455652711, 0.1263504719065405, 0.06504371411787291, 0.017515033490341222, 0.003987081735706334, 0.0008513427830157065, 0.0001788978276680458], [2.217165891227936e-05, 7.36124999598013e-05, 0.00020993854556527114, 0.0004902006748247809, 0.0008513427830157066, 0.001039832423315139, 5.563513063752808e-05, 0.005150323708617229, 0.00011338791860287908, 0.02550972032491202, 0.00017889782766804583, 0.1263504719065405, 0.00020993854556527114, 0.6258179841907188, 0.00017889782766804583, 0.0008513427830157066, 0.003987081735706335, 0.017515033490341222, 0.06504371411787291, 0.1263504719065405], [0.000222607967753207, 0.00018969399709528606, 0.00012023068017352427, 5.8992612974227705e-05, 2.350967955355909e-05, 8.112549893733743e-06, 0.001102584482210336, 2.350967955355909e-05, 0.005461136691022692, 5.8992612974227705e-05, 0.027049187104689225, 0.00012023068017352427, 0.13397550078305615, 0.00018969399709528606, 0.6635849994530497, 0.13397550078305615, 0.027049187104689225, 0.005461136691022692, 0.001102584482210336, 0.000222607967753207], [0.00017889782766804583, 0.00020993854556527114, 0.00017889782766804583, 0.00011338791860287908, 5.563513063752808e-05, 2.217165891227936e-05, 0.0008513427830157066, 7.36124999598013e-05, 0.003987081735706335, 0.00020993854556527114, 0.017515033490341222, 0.0004902006748247809, 0.06504371411787291, 0.0008513427830157066, 0.1263504719065405, 0.6258179841907188, 0.1263504719065405, 0.02550972032491202, 0.005150323708617229, 0.001039832423315139], [0.00011700131984228402, 0.00018459887271929655, 0.00021662878390892796, 0.00018459887271929655, 0.00011700131984228402, 5.740808892512288e-05, 0.0005058221955987236, 0.00021662878390892796, 0.002018651948597907, 0.000725009831489144, 0.006975680854244342, 0.002018651948597907, 0.018073195634086676, 0.004114140475851903, 0.026322653979349606, 0.1303769586558519, 0.6457613036164553, 0.1303769586558519, 0.026322653979349606, 0.005314452182808849], [5.740808892512288e-05, 0.00011700131984228402, 0.00018459887271929655, 0.00021662878390892796, 0.00018459887271929655, 0.00011700131984228402, 0.00021662878390892796, 0.0005058221955987236, 0.000725009831489144, 0.002018651948597907, 0.002018651948597907, 0.006975680854244342, 0.004114140475851903, 0.018073195634086676, 0.005314452182808849, 0.026322653979349606, 0.1303769586558519, 0.6457613036164553, 0.1303769586558519, 0.026322653979349606], [2.217165891227936e-05, 5.563513063752808e-05, 0.00011338791860287908, 0.00017889782766804583, 0.00020993854556527114, 0.00017889782766804583, 7.36124999598013e-05, 0.0008513427830157066, 0.00020993854556527114, 0.003987081735706335, 0.0004902006748247809, 0.017515033490341222, 0.0008513427830157066, 0.06504371411787291, 0.001039832423315139, 0.005150323708617229, 0.02550972032491202, 0.1263504719065405, 0.6258179841907188, 0.1263504719065405], [8.112549893733744e-06, 2.350967955355909e-05, 5.899261297422771e-05, 0.00012023068017352428, 0.00018969399709528606, 0.00022260796775320702, 2.350967955355909e-05, 0.0011025844822103363, 5.899261297422771e-05, 0.005461136691022692, 0.00012023068017352428, 0.02704918710468923, 0.00018969399709528606, 0.13397550078305617, 0.00022260796775320702, 0.0011025844822103363, 0.005461136691022692, 0.02704918710468923, 0.13397550078305617, 0.6635849994530498]]