[[0.6033000443447868, 0.14877195928126094, 0.03668671347840327, 0.009046832160769866, 0.0022309213441351317, 0.0005501384302562515, 0.14877195928126094, 0.00047826737495264407, 0.03668671347840327, 0.000320912961353946, 0.009046832160769866, 0.00017211621855862637, 0.0022309213441351317, 7.695108328261326e-05, 0.0005501384302562515, 0.00047826737495264407, 0.000320912961353946, 0.00017211621855862637, 7.695108328261326e-05, 3.033098926645164e-05], [0.138598479168055, 0.5620445481270192, 0.138598479168055, 0.03417796416976638, 0.008428182197969402, 0.00207836414156595, 0.07752349982014907, 0.0017446973703525038, 0.024595933241404157, 0.001076355840531863, 0.006736773586059403, 0.0005125182872752665, 0.0017446973703525038, 0.0002048619613095072, 0.00044556199383524427, 0.0005125182872752665, 0.00044556199383524427, 0.00029896795473995016, 0.00016034638683008135, 7.168893361914556e-05], [0.035216744391447924, 0.14281094068857692, 0.5791269219453741, 0.14281094068857692, 0.035216744391447924, 0.008684342246838662, 0.025343484173872263, 0.006941526189941398, 0.011017904842201946, 0.003722969722998044, 0.003722969722998044, 0.0015197132449718727, 0.0011090698182597987, 0.000528095395889085, 0.0003080545696347942, 0.00045910408149236906, 0.000528095395889085, 0.00045910408149236906, 0.0003080545696347942, 0.00016521983846195268], [0.00868434224683866, 0.03521674439144792, 0.1428109406885769, 0.579126921945374, 0.1428109406885769, 0.03521674439144792, 0.006941526189941396, 0.02534348417387226, 0.003722969722998043, 0.011017904842201944, 0.0015197132449718722, 0.003722969722998043, 0.0005280953958890849, 0.0011090698182597985, 0.00016521983846195262, 0.00030805456963479413, 0.00045910408149236895, 0.0005280953958890849, 0.00045910408149236895, 0.00030805456963479413], [0.00207836414156595, 0.008428182197969402, 0.03417796416976638, 0.138598479168055, 0.5620445481270192, 0.138598479168055, 0.0017446973703525038, 0.07752349982014907, 0.001076355840531863, 0.024595933241404157, 0.0005125182872752665, 0.006736773586059403, 0.0002048619613095072, 0.0017446973703525038, 7.168893361914556e-05, 0.00016034638683008135, 0.00029896795473995016, 0.00044556199383524427, 0.0005125182872752665, 0.00044556199383524427], [0.0005501384302562516, 0.002230921344135132, 0.009046832160769867, 0.03668671347840328, 0.14877195928126097, 0.6033000443447869, 0.0004782673749526442, 0.14877195928126097, 0.00032091296135394607, 0.03668671347840328, 0.0001721162185586264, 0.009046832160769867, 7.695108328261328e-05, 0.002230921344135132, 3.0330989266451647e-05, 7.695108328261328e-05, 0.0001721162185586264, 0.00032091296135394607, 0.0004782673749526442, 0.0005501384302562516], [0.13859847916805498, 0.07752349982014906, 0.024595933241404154, 0.006736773586059402, 0.0017446973703525036, 0.00044556199383524416, 0.5620445481270191, 0.0005125182872752664, 0.13859847916805498, 0.00044556199383524416, 0.03417796416976637, 0.0002989679547399501, 0.0084281821979694, 0.00016034638683008133, 0.0020783641415659496, 0.0017446973703525036, 0.0010763558405318628, 0.0005125182872752664, 0.00020486196130950715, 7.168893361914554e-05], [0.00044556199383524416, 0.0017446973703525036, 0.006736773586059402, 0.024595933241404154, 0.07752349982014906, 0.13859847916805498, 0.0005125182872752664, 0.5620445481270191, 0.00044556199383524416, 0.13859847916805498, 0.0002989679547399501, 0.03417796416976637, 0.00016034638683008133, 0.0084281821979694, 7.168893361914554e-05, 0.00020486196130950715, 0.0005125182872752664, 0.0010763558405318628, 0.0017446973703525036, 0.0020783641415659496], [0.03521674439144792, 0.02534348417387226, 0.011017904842201944, 0.003722969722998043, 0.0011090698182597985, 0.00030805456963479413, 0.1428109406885769, 0.00045910408149236895, 0.579126921945374, 0.0005280953958890849, 0.1428109406885769, 0.00045910408149236895, 0.03521674439144792, 0.00030805456963479413, 0.00868434224683866, 0.006941526189941396, 0.003722969722998043, 0.0015197132449718722, 0.0005280953958890849, 0.00016521983846195262], [0.00030805456963479413, 0.0011090698182597985, 0.003722969722998043, 0.011017904842201944, 0.02534348417387226, 0.03521674439144792, 0.00045910408149236895, 0.1428109406885769, 0.0005280953958890849, 0.579126921945374, 0.00045910408149236895, 0.1428109406885769, 0.00030805456963479413, 0.03521674439144792, 0.00016521983846195262, 0.0005280953958890849, 0.0015197132449718722, 0.003722969722998043, 0.006941526189941396, 0.00868434224683866], [0.008684342246838662, 0.006941526189941398, 0.003722969722998044, 0.0015197132449718727, 0.000528095395889085, 0.00016521983846195268, 0.035216744391447924, 0.0003080545696347942, 0.14281094068857692, 0.00045910408149236906, 0.5791269219453741, 0.000528095395889085, 0.14281094068857692, 0.00045910408149236906, 0.035216744391447924, 0.025343484173872263, 0.011017904842201946, 0.003722969722998044, 0.0011090698182597987, 0.0003080545696347942], [0.00016521983846195262, 0.0005280953958890849, 0.0015197132449718722, 0.003722969722998043, 0.006941526189941396, 0.00868434224683866, 0.00030805456963479413, 0.03521674439144792, 0.00045910408149236895, 0.1428109406885769, 0.0005280953958890849, 0.579126921945374, 0.00045910408149236895, 0.1428109406885769, 0.00030805456963479413, 0.0011090698182597985, 0.003722969722998043, 0.011017904842201944, 0.02534348417387226, 0.03521674439144792], [0.00207836414156595, 0.0017446973703525038, 0.001076355840531863, 0.0005125182872752665, 0.0002048619613095072, 7.168893361914556e-05, 0.008428182197969402, 0.00016034638683008135, 0.03417796416976638, 0.00029896795473995016, 0.138598479168055, 0.00044556199383524427, 0.5620445481270192, 0.0005125182872752665, 0.138598479168055, 0.07752349982014907, 0.024595933241404157, 0.006736773586059403, 0.0017446973703525038, 0.00044556199383524427], [7.168893361914554e-05, 0.00020486196130950715, 0.0005125182872752664, 0.0010763558405318628, 0.0017446973703525036, 0.0020783641415659496, 0.00016034638683008133, 0.0084281821979694, 0.0002989679547399501, 0.03417796416976637, 0.00044556199383524416, 0.13859847916805498, 0.0005125182872752664, 0.5620445481270191, 0.00044556199383524416, 0.0017446973703525036, 0.006736773586059402, 0.024595933241404154, 0.07752349982014906, 0.13859847916805498], [0.0005501384302562515, 0.00047826737495264407, 0.000320912961353946, 0.00017211621855862637, 7.695108328261326e-05, 3.033098926645164e-05, 0.0022309213441351317, 7.695108328261326e-05, 0.009046832160769866, 0.00017211621855862637, 0.03668671347840327, 0.000320912961353946, 0.14877195928126094, 0.00047826737495264407, 0.6033000443447868, 0.14877195928126094, 0.03668671347840327, 0.009046832160769866, 0.0022309213441351317, 0.0005501384302562515], [0.00044556199383524416, 0.0005125182872752664, 0.00044556199383524416, 0.0002989679547399501, 0.00016034638683008133, 7.168893361914554e-05, 0.0017446973703525036, 0.00020486196130950715, 0.006736773586059402, 0.0005125182872752664, 0.024595933241404154, 0.0010763558405318628, 0.07752349982014906, 0.0017446973703525036, 0.13859847916805498, 0.5620445481270191, 0.13859847916805498, 0.03417796416976637, 0.0084281821979694, 0.0020783641415659496], [0.000308054569634794, 0.0004591040814923689, 0.0005280953958890848, 0.0004591040814923689, 0.000308054569634794, 0.0001652198384619526, 0.0011090698182597983, 0.0005280953958890848, 0.0037229697229980425, 0.001519713244971872, 0.01101790484220194, 0.0037229697229980425, 0.025343484173872253, 0.006941526189941394, 0.03521674439144791, 0.14281094068857686, 0.5791269219453739, 0.14281094068857686, 0.03521674439144791, 0.008684342246838658], [0.00016521983846195262, 0.00030805456963479413, 0.00045910408149236895, 0.0005280953958890849, 0.00045910408149236895, 0.00030805456963479413, 0.0005280953958890849, 0.0011090698182597985, 0.0015197132449718722, 0.003722969722998043, 0.003722969722998043, 0.011017904842201944, 0.006941526189941396, 0.02534348417387226, 0.00868434224683866, 0.03521674439144792, 0.1428109406885769, 0.579126921945374, 0.1428109406885769, 0.03521674439144792], [7.168893361914554e-05, 0.00016034638683008133, 0.0002989679547399501, 0.00044556199383524416, 0.0005125182872752664, 0.00044556199383524416, 0.00020486196130950715, 0.0017446973703525036, 0.0005125182872752664, 0.006736773586059402, 0.0010763558405318628, 0.024595933241404154, 0.0017446973703525036, 0.07752349982014906, 0.0020783641415659496, 0.0084281821979694, 0.03417796416976637, 0.13859847916805498, 0.5620445481270191, 0.13859847916805498], [3.0330989266451647e-05, 7.695108328261328e-05, 0.0001721162185586264, 0.00032091296135394607, 0.0004782673749526442, 0.0005501384302562516, 7.695108328261328e-05, 0.002230921344135132, 0.0001721162185586264, 0.009046832160769867, 0.00032091296135394607, 0.03668671347840328, 0.0004782673749526442, 0.14877195928126097, 0.0005501384302562516, 0.002230921344135132, 0.009046832160769867, 0.03668671347840328, 0.14877195928126097, 0.6033000443447869]]