[[0.9535691051048241, 0.022651178865486208, 0.0005380584388163956, 1.592622587628308e-05, 0.022651178865486208, 8.601762951385239e-06, 0.0005380584388163956, 1.5983425348542485e-06, 1.592622587628308e-05, 8.601762951385239e-06, 1.5983425348542485e-06, 1.6762384573460458e-07], [0.022540658394365105, 0.9489164153985371, 0.022540658394365105, 0.000667190756785611, 0.004779427255159212, 0.0002707175420880009, 0.00022208851024456804, 2.8080517183673243e-05, 8.559792910907226e-06, 1.584851804493882e-05, 8.559792910907226e-06, 1.7951274051304303e-06], [0.000532145065246664, 0.022402237723105695, 0.9430891833412262, 0.02791490713984885, 0.00022072467959999642, 0.005540921663775288, 2.3924813239009805e-05, 0.0002410287283616757, 1.5807764196906686e-06, 8.507227796799224e-06, 1.5751193358682285e-05, 9.087648021558127e-06], [1.5835848721492127e-05, 0.000666657403731755, 0.028064936825721788, 0.9481578505310542, 8.552950202666779e-06, 0.022522639366271132, 1.5892723601748474e-06, 0.0005350050982955944, 1.6667262437366865e-07, 1.7936923782301782e-06, 9.136489917078958e-06, 1.5835848721492127e-05], [0.022540658394365098, 0.004779427255159211, 0.00022208851024456798, 8.559792910907224e-06, 0.9489164153985368, 1.5848518044938813e-05, 0.022540658394365098, 8.559792910907224e-06, 0.0006671907567856108, 0.00027071754208800086, 2.8080517183673233e-05, 1.7951274051304297e-06], [8.552287678626899e-06, 0.0002704801767618911, 0.005570270034519522, 0.022520894729664096, 1.5834622053474507e-05, 0.9480844048363298, 8.552287678626899e-06, 0.022520894729664096, 1.7935534361935044e-06, 3.3088930878636115e-05, 0.0002986280478615335, 0.0006666057634736136], [0.0005321450652466639, 0.0002207246795999964, 2.39248132390098e-05, 1.5807764196906684e-06, 0.022402237723105692, 8.507227796799222e-06, 0.943089183341226, 1.575119335868228e-05, 0.027914907139848847, 0.005540921663775287, 0.00024102872836167567, 9.087648021558126e-06], [1.5791927638187107e-06, 2.7880117698807468e-05, 0.00024078726058911415, 0.0005316119508562834, 8.498705072720937e-06, 0.022379794678742636, 1.5735413473847145e-05, 0.9421443762803576, 9.078543819994668e-06, 0.0002967570550228548, 0.00645695941709766, 0.027886941384504507], [1.5835848721492127e-05, 8.552950202666779e-06, 1.5892723601748474e-06, 1.6667262437366865e-07, 0.000666657403731755, 1.7936923782301782e-06, 0.028064936825721788, 9.136489917078958e-06, 0.9481578505310542, 0.022522639366271132, 0.0005350050982955944, 1.5835848721492127e-05], [8.552287678626899e-06, 1.5834622053474507e-05, 8.552287678626899e-06, 1.7935534361935044e-06, 0.0002704801767618911, 3.3088930878636115e-05, 0.005570270034519522, 0.0002986280478615335, 0.022520894729664096, 0.9480844048363298, 0.022520894729664096, 0.0006666057634736136], [1.5791927638187109e-06, 8.498705072720939e-06, 1.573541347384715e-05, 9.07854381999467e-06, 2.788011769880747e-05, 0.0002967570550228548, 0.00024078726058911418, 0.006456959417097661, 0.0005316119508562836, 0.02237979467874264, 0.9421443762803577, 0.02788694138450451], [1.6573213795821538e-07, 1.783571080137184e-06, 9.08493529205143e-06, 1.574649151207814e-05, 1.783571080137184e-06, 0.0006628956448086734, 9.08493529205143e-06, 0.02790657433557481, 1.574649151207814e-05, 0.0006628956448086734, 0.02790657433557481, 0.9428076643113266]]