[[0.5346549231683447, 0.16103496822866853, 0.04850280034594035, 0.014608762725730386, 0.004400074776188717, 0.00132527705456892, 0.16103496822866853, 0.001175415304009495, 0.04850280034594035, 0.0008349541509908366, 0.014608762725730386, 0.0004894962565041904, 0.004400074776188717, 0.0002455196081599213, 0.00132527705456892, 0.001175415304009495, 0.0008349541509908366, 0.0004894962565041904, 0.0002455196081599213, 0.00011053993013268162], [0.14801025718618085, 0.4914113596224278, 0.14801025718618085, 0.04457983276811412, 0.013427187597769894, 0.004044191186707597, 0.08995248411851638, 0.0034808676125871493, 0.033625394717874374, 0.002300856803150812, 0.011081550148965827, 0.0012180869773026686, 0.0034808676125871493, 0.000555038153071586, 0.0010803462338687653, 0.0012180869773026686, 0.0010803462338687653, 0.0007674220076929985, 0.000449905182792217, 0.0002256616730373653], [0.04567226051777398, 0.15163724504469356, 0.5034533833900359, 0.15163724504469356, 0.04567226051777398, 0.013756220512899717, 0.03444938422169651, 0.011353103273782309, 0.016869227813505364, 0.006655816424922355, 0.006655816424922355, 0.003087899612560606, 0.002357239244799481, 0.0012479361699280949, 0.0007862276658762464, 0.0011068200928277632, 0.0012479361699280949, 0.0011068200928277632, 0.0007862276658762464, 0.0004609300986763687], [0.013756220512899714, 0.04567226051777397, 0.15163724504469353, 0.5034533833900358, 0.15163724504469353, 0.04567226051777397, 0.011353103273782306, 0.0344493842216965, 0.006655816424922354, 0.01686922781350536, 0.0030878996125606054, 0.006655816424922354, 0.0012479361699280947, 0.0023572392447994807, 0.0004609300986763686, 0.0007862276658762463, 0.001106820092827763, 0.0012479361699280947, 0.001106820092827763, 0.0007862276658762463], [0.004044191186707597, 0.013427187597769894, 0.04457983276811412, 0.14801025718618085, 0.4914113596224278, 0.14801025718618085, 0.0034808676125871493, 0.08995248411851638, 0.002300856803150812, 0.033625394717874374, 0.0012180869773026686, 0.011081550148965827, 0.000555038153071586, 0.0034808676125871493, 0.0002256616730373653, 0.000449905182792217, 0.0007674220076929985, 0.0010803462338687653, 0.0012180869773026686, 0.0010803462338687653], [0.00132527705456892, 0.004400074776188717, 0.014608762725730386, 0.04850280034594035, 0.16103496822866853, 0.5346549231683447, 0.001175415304009495, 0.16103496822866853, 0.0008349541509908366, 0.04850280034594035, 0.0004894962565041904, 0.014608762725730386, 0.0002455196081599213, 0.004400074776188717, 0.00011053993013268162, 0.0002455196081599213, 0.0004894962565041904, 0.0008349541509908366, 0.001175415304009495, 0.00132527705456892], [0.14801025718618085, 0.08995248411851638, 0.033625394717874374, 0.011081550148965827, 0.0034808676125871493, 0.0010803462338687653, 0.4914113596224278, 0.0012180869773026686, 0.14801025718618085, 0.0010803462338687653, 0.04457983276811412, 0.0007674220076929985, 0.013427187597769894, 0.000449905182792217, 0.004044191186707597, 0.0034808676125871493, 0.002300856803150812, 0.0012180869773026686, 0.000555038153071586, 0.0002256616730373653], [0.0010803462338687653, 0.0034808676125871493, 0.011081550148965827, 0.033625394717874374, 0.08995248411851638, 0.14801025718618085, 0.0012180869773026686, 0.4914113596224278, 0.0010803462338687653, 0.14801025718618085, 0.0007674220076929985, 0.04457983276811412, 0.000449905182792217, 0.013427187597769894, 0.0002256616730373653, 0.000555038153071586, 0.0012180869773026686, 0.002300856803150812, 0.0034808676125871493, 0.004044191186707597], [0.04567226051777398, 0.03444938422169651, 0.016869227813505364, 0.006655816424922355, 0.002357239244799481, 0.0007862276658762464, 0.15163724504469356, 0.0011068200928277632, 0.5034533833900359, 0.0012479361699280949, 0.15163724504469356, 0.0011068200928277632, 0.04567226051777398, 0.0007862276658762464, 0.013756220512899717, 0.011353103273782309, 0.006655816424922355, 0.003087899612560606, 0.0012479361699280949, 0.0004609300986763687], [0.0007862276658762464, 0.002357239244799481, 0.006655816424922355, 0.016869227813505364, 0.03444938422169651, 0.04567226051777398, 0.0011068200928277632, 0.15163724504469356, 0.0012479361699280949, 0.5034533833900359, 0.0011068200928277632, 0.15163724504469356, 0.0007862276658762464, 0.04567226051777398, 0.0004609300986763687, 0.0012479361699280949, 0.003087899612560606, 0.006655816424922355, 0.011353103273782309, 0.013756220512899717], [0.013756220512899714, 0.011353103273782306, 0.006655816424922354, 0.0030878996125606054, 0.0012479361699280947, 0.0004609300986763686, 0.04567226051777397, 0.0007862276658762463, 0.15163724504469353, 0.001106820092827763, 0.5034533833900358, 0.0012479361699280947, 0.15163724504469353, 0.001106820092827763, 0.04567226051777397, 0.0344493842216965, 0.01686922781350536, 0.006655816424922354, 0.0023572392447994807, 0.0007862276658762463], [0.0004609300986763687, 0.0012479361699280949, 0.003087899612560606, 0.006655816424922355, 0.011353103273782309, 0.013756220512899717, 0.0007862276658762464, 0.04567226051777398, 0.0011068200928277632, 0.15163724504469356, 0.0012479361699280949, 0.5034533833900359, 0.0011068200928277632, 0.15163724504469356, 0.0007862276658762464, 0.002357239244799481, 0.006655816424922355, 0.016869227813505364, 0.03444938422169651, 0.04567226051777398], [0.004044191186707598, 0.0034808676125871497, 0.0023008568031508123, 0.0012180869773026689, 0.0005550381530715861, 0.00022566167303736536, 0.013427187597769898, 0.00044990518279221703, 0.044579832768114135, 0.0007674220076929986, 0.14801025718618088, 0.0010803462338687655, 0.49141135962242793, 0.0012180869773026689, 0.14801025718618088, 0.08995248411851639, 0.03362539471787438, 0.011081550148965828, 0.0034808676125871497, 0.0010803462338687655], [0.0002256616730373653, 0.000555038153071586, 0.0012180869773026686, 0.002300856803150812, 0.0034808676125871493, 0.004044191186707597, 0.000449905182792217, 0.013427187597769894, 0.0007674220076929985, 0.04457983276811412, 0.0010803462338687653, 0.14801025718618085, 0.0012180869773026686, 0.4914113596224278, 0.0010803462338687653, 0.0034808676125871493, 0.011081550148965827, 0.033625394717874374, 0.08995248411851638, 0.14801025718618085], [0.0013252770545689198, 0.0011754153040094948, 0.0008349541509908364, 0.0004894962565041902, 0.00024551960815992127, 0.00011053993013268159, 0.004400074776188716, 0.00024551960815992127, 0.014608762725730385, 0.0004894962565041902, 0.048502800345940345, 0.0008349541509908364, 0.16103496822866847, 0.0011754153040094948, 0.5346549231683446, 0.16103496822866847, 0.048502800345940345, 0.014608762725730385, 0.004400074776188716, 0.0013252770545689198], [0.0010803462338687653, 0.0012180869773026686, 0.0010803462338687653, 0.0007674220076929985, 0.000449905182792217, 0.0002256616730373653, 0.0034808676125871493, 0.000555038153071586, 0.011081550148965827, 0.0012180869773026686, 0.033625394717874374, 0.002300856803150812, 0.08995248411851638, 0.0034808676125871493, 0.14801025718618085, 0.4914113596224278, 0.14801025718618085, 0.04457983276811412, 0.013427187597769894, 0.004044191186707597], [0.0007862276658762463, 0.001106820092827763, 0.0012479361699280947, 0.001106820092827763, 0.0007862276658762463, 0.0004609300986763686, 0.0023572392447994807, 0.0012479361699280947, 0.006655816424922354, 0.0030878996125606054, 0.01686922781350536, 0.006655816424922354, 0.0344493842216965, 0.011353103273782306, 0.04567226051777397, 0.15163724504469353, 0.5034533833900358, 0.15163724504469353, 0.04567226051777397, 0.013756220512899714], [0.0004609300986763686, 0.0007862276658762463, 0.001106820092827763, 0.0012479361699280947, 0.001106820092827763, 0.0007862276658762463, 0.0012479361699280947, 0.0023572392447994807, 0.0030878996125606054, 0.006655816424922354, 0.006655816424922354, 0.01686922781350536, 0.011353103273782306, 0.0344493842216965, 0.013756220512899714, 0.04567226051777397, 0.15163724504469353, 0.5034533833900358, 0.15163724504469353, 0.04567226051777397], [0.0002256616730373653, 0.000449905182792217, 0.0007674220076929985, 0.0010803462338687653, 0.0012180869773026686, 0.0010803462338687653, 0.000555038153071586, 0.0034808676125871493, 0.0012180869773026686, 0.011081550148965827, 0.002300856803150812, 0.033625394717874374, 0.0034808676125871493, 0.08995248411851638, 0.004044191186707597, 0.013427187597769894, 0.04457983276811412, 0.14801025718618085, 0.4914113596224278, 0.14801025718618085], [0.00011053993013268162, 0.0002455196081599213, 0.0004894962565041904, 0.0008349541509908366, 0.001175415304009495, 0.00132527705456892, 0.0002455196081599213, 0.004400074776188717, 0.0004894962565041904, 0.014608762725730386, 0.0008349541509908366, 0.04850280034594035, 0.001175415304009495, 0.16103496822866853, 0.00132527705456892, 0.004400074776188717, 0.014608762725730386, 0.04850280034594035, 0.16103496822866853, 0.5346549231683447]]