[[0.7668746745955561, 0.09971572534297253, 0.012965907220653904, 0.0019008922688840415, 0.09971572534297253, 0.0013584215370116453, 0.012965907220653904, 0.0005424406454509366, 0.0019008922688840415, 0.0013584215370116453, 0.0005424406454509366, 0.00015855137449772335], [0.0951058274590496, 0.7314217515235656, 0.0951058274590496, 0.0139431764446645, 0.04081257500565879, 0.008524891065486588, 0.007652177476944018, 0.0024768565718295845, 0.0012956211657822677, 0.00181301325865016, 0.0012956211657822677, 0.0005526614035370262], [0.012202468033894165, 0.09384441291049338, 0.7217207051928394, 0.1058092800948963, 0.0075506845584190465, 0.04380019323540631, 0.002247094906154075, 0.007921956666304871, 0.0005105014654012119, 0.0012784369886229994, 0.0017889667689419313, 0.001325299178626283], [0.0018738094332844087, 0.014410736064563306, 0.110827339340748, 0.7559486789052342, 0.00133906751692113, 0.09829503220829672, 0.0005347122585960986, 0.01278117632379818, 0.0001562924243826079, 0.0005711939206285239, 0.0013881521702623733, 0.0018738094332844087], [0.0951058274590496, 0.04081257500565879, 0.007652177476944018, 0.0012956211657822677, 0.7314217515235656, 0.00181301325865016, 0.0951058274590496, 0.0012956211657822677, 0.0139431764446645, 0.008524891065486588, 0.0024768565718295845, 0.0005526614035370262], [0.0012889760677950064, 0.008481167839935019, 0.044161269853468146, 0.09461804016495783, 0.0018037145137128926, 0.7276703700725272, 0.0012889760677950064, 0.09461804016495783, 0.0005498268641845732, 0.0026962128960102884, 0.008951742063344275, 0.013871663431311923], [0.012202468033894166, 0.007550684558419047, 0.002247094906154075, 0.0005105014654012119, 0.09384441291049339, 0.0012784369886229996, 0.7217207051928395, 0.0017889667689419315, 0.10580928009489632, 0.043800193235406314, 0.007921956666304871, 0.0013252991786262833], [0.0005077782818910008, 0.002430968214927931, 0.007879698331658695, 0.012137376037130429, 0.0012716173832698083, 0.09334381580140878, 0.0017794238290374013, 0.7178708084607812, 0.0013182295948661366, 0.008831188648652597, 0.04738423698588248, 0.10524485843049369], [0.001873809433284409, 0.0013390675169211302, 0.0005347122585960988, 0.00015629242438260793, 0.014410736064563308, 0.000571193920628524, 0.11082733934074801, 0.0013881521702623736, 0.7559486789052342, 0.09829503220829673, 0.012781176323798181, 0.001873809433284409], [0.0012889760677950064, 0.0018037145137128926, 0.0012889760677950064, 0.0005498268641845732, 0.008481167839935019, 0.0026962128960102884, 0.044161269853468146, 0.008951742063344275, 0.09461804016495783, 0.7276703700725272, 0.09461804016495783, 0.013871663431311923], [0.0005077782818910008, 0.0012716173832698083, 0.0017794238290374013, 0.0013182295948661366, 0.002430968214927931, 0.008831188648652597, 0.007879698331658695, 0.04738423698588248, 0.012137376037130429, 0.09334381580140878, 0.7178708084607812, 0.10524485843049369], [0.000154096938546106, 0.0005631701909590297, 0.0013686523868227127, 0.001847487478862558, 0.0005631701909590297, 0.014208304199754147, 0.0013686523868227127, 0.10927051497910044, 0.001847487478862558, 0.014208304199754147, 0.10927051497910044, 0.7453296445904561]]