[[0.44791482331335164, 0.16151581891531297, 0.05824178705877303, 0.022300365931281547, 0.16151581891531297, 0.018851699854879972, 0.05824178705877303, 0.01191267653056827, 0.022300365931281547, 0.018851699854879972, 0.01191267653056827, 0.0064404801050167125], [0.14278930407250395, 0.39598255040397395, 0.14278930407250395, 0.05467300872269886, 0.09353822213480202, 0.04275004062382272, 0.040502761041265815, 0.023043186878624184, 0.01666599049516895, 0.01971481030944379, 0.01666599049516895, 0.01088483075002269], [0.05111107774863088, 0.14174097319307527, 0.3930753246982403, 0.15050574547931353, 0.040205397766211834, 0.09683429893871598, 0.02193319536738407, 0.041181999658872, 0.010454173319471495, 0.016543632083340854, 0.019570068064471615, 0.01684411368227201], [0.021985291831090447, 0.060969496190207056, 0.1690802875962235, 0.44158639084042317, 0.018585350756073607, 0.15923381818634796, 0.011744366474567287, 0.057418909142436976, 0.0063494848056507795, 0.012138396302836528, 0.018922916043052213, 0.021985291831090447], [0.14278930407250395, 0.09353822213480202, 0.040502761041265815, 0.01666599049516895, 0.39598255040397395, 0.01971481030944379, 0.14278930407250395, 0.01666599049516895, 0.05467300872269886, 0.04275004062382272, 0.023043186878624184, 0.01088483075002269], [0.01652568485076749, 0.042390141702744334, 0.09672924899107589, 0.1415872065837687, 0.019548837626000775, 0.39264889994243873, 0.01652568485076749, 0.1415872065837687, 0.010793194840772326, 0.023900893141900463, 0.04355026673998142, 0.05421273414601358], [0.05111107774863089, 0.040205397766211834, 0.021933195367384074, 0.010454173319471497, 0.1417409731930753, 0.016543632083340858, 0.39307532469824036, 0.01957006806447162, 0.15050574547931356, 0.09683429893871599, 0.04118199965887201, 0.016844113682272014], [0.010366199168539748, 0.022681518575683755, 0.04083544414052099, 0.05068096687034963, 0.016404413807406176, 0.14054819195750162, 0.019405381668997215, 0.38976751002119253, 0.0167023667880785, 0.04323068020944342, 0.10013812002093857, 0.1492392067713479], [0.02198529183109045, 0.01858535075607361, 0.011744366474567289, 0.00634948480565078, 0.06096949619020707, 0.01213839630283653, 0.16908028759622354, 0.018922916043052216, 0.4415863908404233, 0.159233818186348, 0.05741890914243699, 0.02198529183109045], [0.016525684850767493, 0.019548837626000775, 0.016525684850767493, 0.010793194840772328, 0.04239014170274434, 0.02390089314190047, 0.09672924899107592, 0.04355026673998143, 0.14158720658376872, 0.3926488999424388, 0.14158720658376872, 0.05421273414601359], [0.010366199168539748, 0.016404413807406176, 0.019405381668997215, 0.0167023667880785, 0.022681518575683755, 0.04323068020944342, 0.04083544414052099, 0.10013812002093857, 0.05068096687034963, 0.14054819195750162, 0.38976751002119253, 0.1492392067713479], [0.006261024965425101, 0.011969286425356503, 0.018659285499628815, 0.02167899683831208, 0.011969286425356503, 0.06012008052000561, 0.018659285499628815, 0.1667246925071916, 0.02167899683831208, 0.06012008052000561, 0.1667246925071916, 0.43543429145358575]]