[[0.18464219896574677, 0.12376936731084107, 0.0829650879936049, 0.05561316160322411, 0.037278617046060634, 0.024988604294460336, 0.12376936731084107, 0.024008787105273884, 0.0829650879936049, 0.021422031305767596, 0.05561316160322411, 0.01792900679710139, 0.037278617046060634, 0.01424519835980773, 0.024988604294460336, 0.024008787105273884, 0.021422031305767596, 0.01792900679710139, 0.01424519835980773, 0.010918077401969983], [0.11118400896191606, 0.16586705055215467, 0.11118400896191606, 0.07452887000577849, 0.04995819557325761, 0.033487979956523514, 0.09417799609327142, 0.03185475190173531, 0.0678423456555431, 0.027748632707488615, 0.0468610372152496, 0.022447664266097414, 0.03185475190173531, 0.017273725109248586, 0.021567478760503384, 0.022447664266097414, 0.021567478760503384, 0.019243754512384005, 0.016105914538617584, 0.01279669029997865], [0.07203626614711965, 0.10746548096413289, 0.16031965864619122, 0.10746548096413289, 0.07203626614711965, 0.04828735323997281, 0.06557337132991115, 0.04529377875320087, 0.05168510774632705, 0.037908284958668007, 0.037908284958668007, 0.02934639435144083, 0.026820584973049198, 0.021696906411279353, 0.0186001508088939, 0.020846158542233536, 0.021696906411279353, 0.020846158542233536, 0.0186001508088939, 0.015567255295252228], [0.04828735323997282, 0.07203626614711967, 0.1074654809641329, 0.16031965864619124, 0.1074654809641329, 0.07203626614711967, 0.04529377875320087, 0.06557337132991116, 0.03790828495866801, 0.05168510774632706, 0.029346394351440833, 0.03790828495866801, 0.021696906411279356, 0.0268205849730492, 0.01556725529525223, 0.018600150808893903, 0.02084615854223354, 0.021696906411279356, 0.02084615854223354, 0.018600150808893903], [0.033487979956523514, 0.04995819557325761, 0.07452887000577849, 0.11118400896191606, 0.16586705055215467, 0.11118400896191606, 0.03185475190173531, 0.09417799609327142, 0.027748632707488615, 0.0678423456555431, 0.022447664266097414, 0.0468610372152496, 0.017273725109248586, 0.03185475190173531, 0.01279669029997865, 0.016105914538617584, 0.019243754512384005, 0.021567478760503384, 0.022447664266097414, 0.021567478760503384], [0.024988604294460336, 0.037278617046060634, 0.05561316160322411, 0.0829650879936049, 0.12376936731084107, 0.18464219896574677, 0.024008787105273884, 0.12376936731084107, 0.021422031305767596, 0.0829650879936049, 0.01792900679710139, 0.05561316160322411, 0.01424519835980773, 0.037278617046060634, 0.010918077401969983, 0.01424519835980773, 0.01792900679710139, 0.021422031305767596, 0.024008787105273884, 0.024988604294460336], [0.11118400896191603, 0.09417799609327139, 0.06784234565554309, 0.04686103721524958, 0.031854751901735305, 0.021567478760503377, 0.16586705055215464, 0.022447664266097407, 0.11118400896191603, 0.021567478760503377, 0.07452887000577846, 0.019243754512383998, 0.0499581955732576, 0.016105914538617577, 0.03348797995652351, 0.031854751901735305, 0.027748632707488608, 0.022447664266097407, 0.01727372510924858, 0.012796690299978646], [0.021567478760503377, 0.031854751901735305, 0.04686103721524958, 0.06784234565554309, 0.09417799609327139, 0.11118400896191603, 0.022447664266097407, 0.16586705055215464, 0.021567478760503377, 0.11118400896191603, 0.019243754512383998, 0.07452887000577846, 0.016105914538617577, 0.0499581955732576, 0.012796690299978646, 0.01727372510924858, 0.022447664266097407, 0.027748632707488608, 0.031854751901735305, 0.03348797995652351], [0.07203626614711964, 0.06557337132991113, 0.051685107746327036, 0.037908284958668, 0.02682058497304919, 0.018600150808893896, 0.10746548096413286, 0.020846158542233532, 0.16031965864619116, 0.021696906411279346, 0.10746548096413286, 0.020846158542233532, 0.07203626614711964, 0.018600150808893896, 0.048287353239972804, 0.045293778753200856, 0.037908284958668, 0.029346394351440822, 0.021696906411279346, 0.015567255295252224], [0.018600150808893896, 0.02682058497304919, 0.037908284958668, 0.051685107746327036, 0.06557337132991113, 0.07203626614711964, 0.020846158542233532, 0.10746548096413286, 0.021696906411279346, 0.16031965864619116, 0.020846158542233532, 0.10746548096413286, 0.018600150808893896, 0.07203626614711964, 0.015567255295252224, 0.021696906411279346, 0.029346394351440822, 0.037908284958668, 0.045293778753200856, 0.048287353239972804], [0.04828735323997281, 0.04529377875320086, 0.037908284958668, 0.029346394351440826, 0.02169690641127935, 0.015567255295252226, 0.07203626614711964, 0.0186001508088939, 0.10746548096413287, 0.020846158542233536, 0.1603196586461912, 0.02169690641127935, 0.10746548096413287, 0.020846158542233536, 0.07203626614711964, 0.06557337132991115, 0.05168510774632704, 0.037908284958668, 0.026820584973049195, 0.0186001508088939], [0.015567255295252226, 0.02169690641127935, 0.029346394351440826, 0.037908284958668, 0.04529377875320086, 0.04828735323997281, 0.0186001508088939, 0.07203626614711964, 0.020846158542233536, 0.10746548096413287, 0.02169690641127935, 0.1603196586461912, 0.020846158542233536, 0.10746548096413287, 0.0186001508088939, 0.026820584973049195, 0.037908284958668, 0.05168510774632704, 0.06557337132991115, 0.07203626614711964], [0.033487979956523514, 0.03185475190173531, 0.027748632707488615, 0.022447664266097414, 0.017273725109248586, 0.01279669029997865, 0.04995819557325761, 0.016105914538617584, 0.07452887000577849, 0.019243754512384005, 0.11118400896191606, 0.021567478760503384, 0.16586705055215467, 0.022447664266097414, 0.11118400896191606, 0.09417799609327142, 0.0678423456555431, 0.0468610372152496, 0.03185475190173531, 0.021567478760503384], [0.012796690299978646, 0.01727372510924858, 0.022447664266097407, 0.027748632707488608, 0.031854751901735305, 0.03348797995652351, 0.016105914538617577, 0.0499581955732576, 0.019243754512383998, 0.07452887000577846, 0.021567478760503377, 0.11118400896191603, 0.022447664266097407, 0.16586705055215464, 0.021567478760503377, 0.031854751901735305, 0.04686103721524958, 0.06784234565554309, 0.09417799609327139, 0.11118400896191603], [0.024988604294460336, 0.024008787105273884, 0.021422031305767596, 0.01792900679710139, 0.01424519835980773, 0.010918077401969983, 0.037278617046060634, 0.01424519835980773, 0.05561316160322411, 0.01792900679710139, 0.0829650879936049, 0.021422031305767596, 0.12376936731084107, 0.024008787105273884, 0.18464219896574677, 0.12376936731084107, 0.0829650879936049, 0.05561316160322411, 0.037278617046060634, 0.024988604294460336], [0.021567478760503377, 0.022447664266097407, 0.021567478760503377, 0.019243754512383998, 0.016105914538617577, 0.012796690299978646, 0.031854751901735305, 0.01727372510924858, 0.04686103721524958, 0.022447664266097407, 0.06784234565554309, 0.027748632707488608, 0.09417799609327139, 0.031854751901735305, 0.11118400896191603, 0.16586705055215464, 0.11118400896191603, 0.07452887000577846, 0.0499581955732576, 0.03348797995652351], [0.0186001508088939, 0.020846158542233536, 0.021696906411279353, 0.020846158542233536, 0.0186001508088939, 0.015567255295252228, 0.026820584973049198, 0.021696906411279353, 0.037908284958668007, 0.02934639435144083, 0.05168510774632705, 0.037908284958668007, 0.06557337132991115, 0.04529377875320087, 0.07203626614711965, 0.10746548096413289, 0.16031965864619122, 0.10746548096413289, 0.07203626614711965, 0.04828735323997281], [0.015567255295252228, 0.0186001508088939, 0.020846158542233536, 0.021696906411279353, 0.020846158542233536, 0.0186001508088939, 0.021696906411279353, 0.026820584973049198, 0.02934639435144083, 0.037908284958668007, 0.037908284958668007, 0.05168510774632705, 0.04529377875320087, 0.06557337132991115, 0.04828735323997281, 0.07203626614711965, 0.10746548096413289, 0.16031965864619122, 0.10746548096413289, 0.07203626614711965], [0.012796690299978649, 0.01610591453861758, 0.019243754512384, 0.02156747876050338, 0.02244766426609741, 0.02156747876050338, 0.017273725109248583, 0.031854751901735305, 0.02244766426609741, 0.04686103721524959, 0.02774863270748861, 0.06784234565554309, 0.031854751901735305, 0.0941779960932714, 0.033487979956523514, 0.049958195573257605, 0.07452887000577847, 0.11118400896191605, 0.16586705055215467, 0.11118400896191605], [0.010918077401969983, 0.01424519835980773, 0.01792900679710139, 0.021422031305767596, 0.024008787105273884, 0.024988604294460336, 0.01424519835980773, 0.037278617046060634, 0.01792900679710139, 0.05561316160322411, 0.021422031305767596, 0.0829650879936049, 0.024008787105273884, 0.12376936731084107, 0.024988604294460336, 0.037278617046060634, 0.05561316160322411, 0.0829650879936049, 0.12376936731084107, 0.18464219896574677]]