[[0.3707773290679992, 0.16660099318827432, 0.07485865169018753, 0.03363616041916387, 0.015113701118023596, 0.006791023667338835, 0.16660099318827432, 0.006268904956019, 0.07485865169018753, 0.004990827318089434, 0.03363616041916387, 0.0034959378886437824, 0.015113701118023596, 0.002206928414808832, 0.006791023667338835, 0.006268904956019, 0.004990827318089434, 0.0034959378886437824, 0.002206928414808832, 0.0012964136109024104], [0.14910919856440283, 0.3318486242197887, 0.14910919856440283, 0.06699908173129218, 0.030104627991126585, 0.013526881310387226, 0.10698395969094489, 0.012239628358969653, 0.05551642449363315, 0.009287588266498168, 0.026487658665885153, 0.006078019566932897, 0.012239628358969653, 0.0035990823629671034, 0.005610719215893579, 0.006078019566932897, 0.005610719215893579, 0.004466829682897833, 0.003128891892124046, 0.0019752182800571306], [0.0667574955987579, 0.14857153873869158, 0.33065204027206224, 0.14857153873869158, 0.0667574955987579, 0.029996076344449875, 0.05531624267115179, 0.026392149132744933, 0.034365961546725374, 0.018486977856653392, 0.018486977856653392, 0.011079167959486118, 0.009254098963780964, 0.006056103367446283, 0.0044507231321825776, 0.005590488013896815, 0.006056103367446283, 0.005590488013896815, 0.0044507231321825776, 0.0031176096943415794], [0.029996076344449875, 0.0667574955987579, 0.14857153873869158, 0.33065204027206224, 0.14857153873869158, 0.0667574955987579, 0.026392149132744933, 0.05531624267115179, 0.018486977856653392, 0.034365961546725374, 0.011079167959486118, 0.018486977856653392, 0.006056103367446283, 0.009254098963780964, 0.0031176096943415794, 0.0044507231321825776, 0.005590488013896815, 0.006056103367446283, 0.005590488013896815, 0.0044507231321825776], [0.013526881310387224, 0.030104627991126582, 0.06699908173129217, 0.1491091985644028, 0.33184862421978867, 0.1491091985644028, 0.012239628358969652, 0.10698395969094487, 0.009287588266498167, 0.055516424493633136, 0.006078019566932896, 0.02648765866588515, 0.003599082362967103, 0.012239628358969652, 0.00197521828005713, 0.0031288918921240456, 0.004466829682897832, 0.005610719215893578, 0.006078019566932896, 0.005610719215893578], [0.006791023667338835, 0.015113701118023596, 0.03363616041916387, 0.07485865169018753, 0.16660099318827432, 0.3707773290679992, 0.006268904956019, 0.16660099318827432, 0.004990827318089434, 0.07485865169018753, 0.0034959378886437824, 0.03363616041916387, 0.002206928414808832, 0.015113701118023596, 0.0012964136109024104, 0.002206928414808832, 0.0034959378886437824, 0.004990827318089434, 0.006268904956019, 0.006791023667338835], [0.14910919856440283, 0.10698395969094489, 0.05551642449363315, 0.026487658665885153, 0.012239628358969653, 0.005610719215893579, 0.3318486242197887, 0.006078019566932897, 0.14910919856440283, 0.005610719215893579, 0.06699908173129218, 0.004466829682897833, 0.030104627991126585, 0.003128891892124046, 0.013526881310387226, 0.012239628358969653, 0.009287588266498168, 0.006078019566932897, 0.0035990823629671034, 0.0019752182800571306], [0.005610719215893579, 0.012239628358969653, 0.026487658665885153, 0.05551642449363315, 0.10698395969094489, 0.14910919856440283, 0.006078019566932897, 0.3318486242197887, 0.005610719215893579, 0.14910919856440283, 0.004466829682897833, 0.06699908173129218, 0.003128891892124046, 0.030104627991126585, 0.0019752182800571306, 0.0035990823629671034, 0.006078019566932897, 0.009287588266498168, 0.012239628358969653, 0.013526881310387226], [0.0667574955987579, 0.05531624267115179, 0.034365961546725374, 0.018486977856653392, 0.009254098963780964, 0.0044507231321825776, 0.14857153873869158, 0.005590488013896815, 0.33065204027206224, 0.006056103367446283, 0.14857153873869158, 0.005590488013896815, 0.0667574955987579, 0.0044507231321825776, 0.029996076344449875, 0.026392149132744933, 0.018486977856653392, 0.011079167959486118, 0.006056103367446283, 0.0031176096943415794], [0.004450723132182578, 0.009254098963780964, 0.018486977856653396, 0.03436596154672538, 0.055316242671151795, 0.06675749559875792, 0.005590488013896816, 0.1485715387386916, 0.006056103367446284, 0.3306520402720623, 0.005590488013896816, 0.1485715387386916, 0.004450723132182578, 0.06675749559875792, 0.00311760969434158, 0.006056103367446284, 0.01107916795948612, 0.018486977856653396, 0.026392149132744937, 0.02999607634444988], [0.029996076344449868, 0.026392149132744926, 0.01848697785665339, 0.011079167959486116, 0.006056103367446281, 0.0031176096943415785, 0.06675749559875789, 0.004450723132182577, 0.14857153873869156, 0.005590488013896814, 0.33065204027206213, 0.006056103367446281, 0.14857153873869156, 0.005590488013896814, 0.06675749559875789, 0.05531624267115177, 0.03436596154672537, 0.01848697785665339, 0.00925409896378096, 0.004450723132182577], [0.003117609694341579, 0.006056103367446282, 0.011079167959486116, 0.01848697785665339, 0.02639214913274493, 0.02999607634444987, 0.0044507231321825776, 0.06675749559875789, 0.0055904880138968145, 0.14857153873869158, 0.006056103367446282, 0.3306520402720622, 0.0055904880138968145, 0.14857153873869158, 0.0044507231321825776, 0.009254098963780962, 0.01848697785665339, 0.034365961546725374, 0.05531624267115178, 0.06675749559875789], [0.013526881310387224, 0.012239628358969652, 0.009287588266498167, 0.006078019566932896, 0.003599082362967103, 0.00197521828005713, 0.030104627991126582, 0.0031288918921240456, 0.06699908173129217, 0.004466829682897832, 0.1491091985644028, 0.005610719215893578, 0.33184862421978867, 0.006078019566932896, 0.1491091985644028, 0.10698395969094487, 0.055516424493633136, 0.02648765866588515, 0.012239628358969652, 0.005610719215893578], [0.0019752182800571306, 0.0035990823629671034, 0.006078019566932897, 0.009287588266498168, 0.012239628358969653, 0.013526881310387226, 0.003128891892124046, 0.030104627991126585, 0.004466829682897833, 0.06699908173129218, 0.005610719215893579, 0.14910919856440283, 0.006078019566932897, 0.3318486242197887, 0.005610719215893579, 0.012239628358969653, 0.026487658665885153, 0.05551642449363315, 0.10698395969094489, 0.14910919856440283], [0.006791023667338835, 0.006268904956019, 0.004990827318089434, 0.0034959378886437824, 0.002206928414808832, 0.0012964136109024104, 0.015113701118023596, 0.002206928414808832, 0.03363616041916387, 0.0034959378886437824, 0.07485865169018753, 0.004990827318089434, 0.16660099318827432, 0.006268904956019, 0.3707773290679992, 0.16660099318827432, 0.07485865169018753, 0.03363616041916387, 0.015113701118023596, 0.006791023667338835], [0.005610719215893579, 0.006078019566932897, 0.005610719215893579, 0.004466829682897833, 0.003128891892124046, 0.0019752182800571306, 0.012239628358969653, 0.0035990823629671034, 0.026487658665885153, 0.006078019566932897, 0.05551642449363315, 0.009287588266498168, 0.10698395969094489, 0.012239628358969653, 0.14910919856440283, 0.3318486242197887, 0.14910919856440283, 0.06699908173129218, 0.030104627991126585, 0.013526881310387226], [0.0044507231321825776, 0.005590488013896815, 0.006056103367446283, 0.005590488013896815, 0.0044507231321825776, 0.0031176096943415794, 0.009254098963780964, 0.006056103367446283, 0.018486977856653392, 0.011079167959486118, 0.034365961546725374, 0.018486977856653392, 0.05531624267115179, 0.026392149132744933, 0.0667574955987579, 0.14857153873869158, 0.33065204027206224, 0.14857153873869158, 0.0667574955987579, 0.029996076344449875], [0.0031176096943415794, 0.0044507231321825776, 0.005590488013896815, 0.006056103367446283, 0.005590488013896815, 0.0044507231321825776, 0.006056103367446283, 0.009254098963780964, 0.011079167959486118, 0.018486977856653392, 0.018486977856653392, 0.034365961546725374, 0.026392149132744933, 0.05531624267115179, 0.029996076344449875, 0.0667574955987579, 0.14857153873869158, 0.33065204027206224, 0.14857153873869158, 0.0667574955987579], [0.0019752182800571306, 0.003128891892124046, 0.004466829682897833, 0.005610719215893579, 0.006078019566932897, 0.005610719215893579, 0.0035990823629671034, 0.012239628358969653, 0.006078019566932897, 0.026487658665885153, 0.009287588266498168, 0.05551642449363315, 0.012239628358969653, 0.10698395969094489, 0.013526881310387226, 0.030104627991126585, 0.06699908173129218, 0.14910919856440283, 0.3318486242197887, 0.14910919856440283], [0.0012964136109024104, 0.002206928414808832, 0.0034959378886437824, 0.004990827318089434, 0.006268904956019, 0.006791023667338835, 0.002206928414808832, 0.015113701118023596, 0.0034959378886437824, 0.03363616041916387, 0.004990827318089434, 0.07485865169018753, 0.006268904956019, 0.16660099318827432, 0.006791023667338835, 0.015113701118023596, 0.03363616041916387, 0.07485865169018753, 0.16660099318827432, 0.3707773290679992]]