[[0.9981775790139357, 0.0009102201327236763, 8.300133237153597e-07, 0.0009102201327236763, 1.590854936031298e-07, 8.300133237153597e-07, 1.590854936031298e-07, 2.522982550164771e-09], [0.0009101295434506009, 0.9980782358132833, 0.0009101295434506009, 5.017851488873883e-05, 5.017851488873883e-05, 1.5906966068677886e-07, 8.299307169909695e-07, 1.5906966068677886e-07], [8.300133237153597e-07, 0.0009102201327236763, 0.9981775790139357, 1.590854936031298e-07, 0.0009102201327236763, 2.522982550164771e-09, 1.590854936031298e-07, 8.300133237153597e-07], [0.0009101295434506008, 5.017851488873882e-05, 1.5906966068677883e-07, 0.998078235813283, 8.299307169909694e-07, 0.0009101295434506008, 5.017851488873882e-05, 1.5906966068677883e-07], [1.5906966068677883e-07, 5.017851488873882e-05, 0.0009101295434506008, 8.299307169909694e-07, 0.998078235813283, 1.5906966068677883e-07, 5.017851488873882e-05, 0.0009101295434506008], [8.300133237153596e-07, 1.5908549360312977e-07, 2.5229825501647705e-09, 0.0009102201327236762, 1.5908549360312977e-07, 0.9981775790139354, 0.0009102201327236762, 8.300133237153596e-07], [1.5906966068677883e-07, 8.299307169909694e-07, 1.5906966068677883e-07, 5.017851488873882e-05, 5.017851488873882e-05, 0.0009101295434506008, 0.998078235813283, 0.0009101295434506008], [2.5229825501647705e-09, 1.5908549360312977e-07, 8.300133237153596e-07, 1.5908549360312977e-07, 0.0009102201327236762, 8.300133237153596e-07, 0.0009102201327236762, 0.9981775790139354]]