[[0.9999092038731013, 4.539580762470097e-05, 2.0609664776726994e-09, 4.539580762470097e-05, 1.945969148219535e-10, 2.0609664776726994e-09, 1.945969148219535e-10, 5.225316701145762e-13], [4.539574209141139e-05, 0.9999077604063399, 4.539574209141139e-05, 7.228296602586542e-07, 7.228296602586542e-07, 1.9459663390226865e-10, 2.0609635024659554e-09, 1.9459663390226865e-10], [2.0609664776726994e-09, 4.539580762470097e-05, 0.9999092038731013, 1.945969148219535e-10, 4.539580762470097e-05, 5.225316701145762e-13, 1.945969148219535e-10, 2.0609664776726994e-09], [4.539574209141139e-05, 7.228296602586542e-07, 1.9459663390226865e-10, 0.9999077604063399, 2.0609635024659554e-09, 4.539574209141139e-05, 7.228296602586542e-07, 1.9459663390226865e-10], [1.9459663390226865e-10, 7.228296602586542e-07, 4.539574209141139e-05, 2.0609635024659554e-09, 0.9999077604063399, 1.9459663390226865e-10, 7.228296602586542e-07, 4.539574209141139e-05], [2.0609664776726994e-09, 1.9459691482195347e-10, 5.225316701145761e-13, 4.539580762470097e-05, 1.9459691482195347e-10, 0.9999092038731012, 4.539580762470097e-05, 2.0609664776726994e-09], [1.9459663390226862e-10, 2.060963502465955e-09, 1.9459663390226862e-10, 7.228296602586541e-07, 7.228296602586541e-07, 4.539574209141139e-05, 0.9999077604063398, 4.539574209141139e-05], [5.225316701145761e-13, 1.9459691482195347e-10, 2.0609664776726994e-09, 1.9459691482195347e-10, 4.539580762470097e-05, 2.0609664776726994e-09, 4.539580762470097e-05, 0.9999092038731012]]