[[0.66754, 0.09258, 0.01937, 0.03058, 0.09258, 0.01817, 0.01937, 0.00377, 0.03058, 0.01817, 0.00377, 0.0035], [0.13477, 0.45856, 0.09595, 0.15145, 0.01869, 0.09002, 0.00391, 0.01869, 0.00617, 0.00367, 0.00076, 0.01735], [0.15225, 0.09258, 0.47523, 0.13407, 0.09258, 0.01817, 0.01937, 0.00377, 0.00125, 0.00074, 0.00377, 0.00621], [0.03074, 0.01869, 0.09595, 0.66404, 0.01869, 0.09002, 0.00391, 0.01869, 0.00617, 0.00367, 0.01869, 0.03074], [0.13477, 0.01869, 0.00391, 0.00617, 0.45856, 0.00367, 0.09595, 0.00076, 0.15145, 0.09002, 0.01869, 0.01735], [0.00621, 0.00377, 0.01937, 0.13407, 0.00377, 0.44585, 0.00079, 0.09258, 0.03058, 0.01817, 0.09258, 0.15225], [0.15225, 0.09258, 0.01937, 0.00125, 0.09258, 0.00074, 0.47523, 0.00377, 0.13407, 0.01817, 0.00377, 0.00621], [0.01735, 0.01869, 0.09595, 0.15145, 0.00076, 0.09002, 0.00391, 0.45856, 0.00617, 0.00367, 0.01869, 0.13477], [0.03074, 0.01869, 0.00391, 0.00617, 0.01869, 0.00367, 0.09595, 0.01869, 0.66404, 0.09002, 0.01869, 0.03074], [0.00621, 0.00377, 0.00079, 0.03058, 0.00377, 0.01817, 0.01937, 0.09258, 0.13407, 0.44585, 0.09258, 0.15225], [0.01735, 0.00076, 0.00391, 0.00617, 0.01869, 0.00367, 0.09595, 0.01869, 0.15145, 0.09002, 0.45856, 0.13477], [0.0035, 0.00377, 0.01937, 0.03058, 0.00377, 0.01817, 0.01937, 0.09258, 0.03058, 0.01817, 0.09258, 0.66754]]