[[0.66787, 0.06877, 0.04416, 0.00632, 0.00564, 0.06877, 0.02405, 0.00632, 0.04416, 0.02405, 0.00738, 0.00221, 0.00406, 0.00632, 0.00221, 0.00058, 0.00564, 0.00632, 0.00406, 0.00058, 0.00052], [0.2025, 0.2268, 0.14563, 0.02085, 0.01862, 0.06877, 0.07932, 0.00632, 0.04416, 0.07932, 0.02435, 0.00729, 0.00406, 0.00632, 0.00729, 0.00192, 0.01862, 0.02085, 0.01339, 0.00192, 0.00171], [0.0614, 0.06877, 0.4803, 0.06877, 0.0614, 0.02085, 0.07932, 0.02085, 0.01339, 0.02405, 0.02435, 0.02405, 0.01339, 0.00192, 0.00729, 0.00192, 0.00564, 0.00632, 0.00406, 0.00632, 0.00564], [0.01862, 0.02085, 0.14563, 0.2268, 0.2025, 0.00632, 0.07932, 0.06877, 0.00406, 0.00729, 0.02435, 0.07932, 0.04416, 0.00192, 0.00729, 0.00632, 0.00171, 0.00192, 0.01339, 0.02085, 0.01862], [0.00564, 0.00632, 0.04416, 0.06877, 0.66787, 0.00632, 0.02405, 0.06877, 0.00406, 0.00221, 0.00738, 0.02405, 0.04416, 0.00058, 0.00221, 0.00632, 0.00052, 0.00058, 0.00406, 0.00632, 0.00564], [0.2025, 0.06877, 0.04416, 0.00632, 0.01862, 0.2268, 0.07932, 0.02085, 0.14563, 0.07932, 0.02435, 0.00729, 0.01339, 0.02085, 0.00729, 0.00192, 0.01862, 0.00632, 0.00406, 0.00192, 0.00171], [0.0614, 0.02085, 0.14563, 0.02085, 0.0614, 0.06877, 0.26161, 0.06877, 0.04416, 0.02405, 0.08029, 0.02405, 0.04416, 0.00632, 0.02405, 0.00632, 0.00564, 0.00632, 0.01339, 0.00632, 0.00564], [0.01862, 0.00632, 0.04416, 0.06877, 0.2025, 0.02085, 0.07932, 0.2268, 0.01339, 0.00729, 0.02435, 0.07932, 0.14563, 0.00192, 0.00729, 0.02085, 0.00171, 0.00192, 0.00406, 0.00632, 0.01862], [0.0614, 0.02085, 0.01339, 0.00192, 0.00564, 0.06877, 0.02405, 0.00632, 0.4803, 0.07932, 0.02435, 0.00729, 0.00406, 0.06877, 0.02405, 0.00632, 0.0614, 0.02085, 0.01339, 0.00192, 0.00564], [0.0614, 0.06877, 0.04416, 0.00632, 0.00564, 0.02085, 0.02405, 0.00632, 0.14563, 0.26161, 0.08029, 0.02405, 0.01339, 0.02085, 0.02405, 0.00632, 0.0614, 0.06877, 0.04416, 0.00632, 0.00564], [0.01862, 0.02085, 0.04416, 0.02085, 0.01862, 0.02085, 0.07932, 0.02085, 0.04416, 0.07932, 0.26481, 0.07932, 0.04416, 0.02085, 0.07932, 0.02085, 0.01862, 0.02085, 0.04416, 0.02085, 0.01862], [0.00564, 0.00632, 0.04416, 0.06877, 0.0614, 0.00632, 0.02405, 0.02085, 0.01339, 0.02405, 0.08029, 0.26161, 0.14563, 0.00632, 0.02405, 0.02085, 0.00564, 0.00632, 0.04416, 0.06877, 0.0614], [0.00564, 0.00192, 0.01339, 0.02085, 0.0614, 0.00632, 0.02405, 0.06877, 0.00406, 0.00729, 0.02435, 0.07932, 0.4803, 0.00632, 0.02405, 0.06877, 0.00564, 0.00192, 0.01339, 0.02085, 0.0614], [0.01862, 0.00632, 0.00406, 0.00192, 0.00171, 0.02085, 0.00729, 0.00192, 0.14563, 0.07932, 0.02435, 0.00729, 0.01339, 0.2268, 0.07932, 0.02085, 0.2025, 0.06877, 0.04416, 0.00632, 0.01862], [0.00564, 0.00632, 0.01339, 0.00632, 0.00564, 0.00632, 0.02405, 0.00632, 0.04416, 0.02405, 0.08029, 0.02405, 0.04416, 0.06877, 0.26161, 0.06877, 0.0614, 0.02085, 0.14563, 0.02085, 0.0614], [0.00171, 0.00192, 0.00406, 0.00632, 0.01862, 0.00192, 0.00729, 0.02085, 0.01339, 0.00729, 0.02435, 0.07932, 0.14563, 0.02085, 0.07932, 0.2268, 0.01862, 0.00632, 0.04416, 0.06877, 0.2025], [0.00564, 0.00632, 0.00406, 0.00058, 0.00052, 0.00632, 0.00221, 0.00058, 0.04416, 0.02405, 0.00738, 0.00221, 0.00406, 0.06877, 0.02405, 0.00632, 0.66787, 0.06877, 0.04416, 0.00632, 0.00564], [0.01862, 0.02085, 0.01339, 0.00192, 0.00171, 0.00632, 0.00729, 0.00192, 0.04416, 0.07932, 0.02435, 0.00729, 0.00406, 0.06877, 0.07932, 0.00632, 0.2025, 0.2268, 0.14563, 0.02085, 0.01862], [0.00564, 0.00632, 0.00406, 0.00632, 0.00564, 0.00192, 0.00729, 0.00192, 0.01339, 0.02405, 0.02435, 0.02405, 0.01339, 0.02085, 0.07932, 0.02085, 0.0614, 0.06877, 0.4803, 0.06877, 0.0614], [0.00171, 0.00192, 0.01339, 0.02085, 0.01862, 0.00192, 0.00729, 0.00632, 0.00406, 0.00729, 0.02435, 0.07932, 0.04416, 0.00632, 0.07932, 0.06877, 0.01862, 0.02085, 0.14563, 0.2268, 0.2025], [0.00052, 0.00058, 0.00406, 0.00632, 0.00564, 0.00058, 0.00221, 0.00632, 0.00406, 0.00221, 0.00738, 0.02405, 0.04416, 0.00632, 0.02405, 0.06877, 0.00564, 0.00632, 0.04416, 0.06877, 0.66787]]