[[0.50706, 0.10634, 0.04238, 0.03209, 0.10634, 0.04238, 0.04238, 0.01689, 0.03209, 0.04238, 0.01689, 0.01279], [0.20207, 0.26683, 0.10634, 0.08053, 0.04238, 0.01689, 0.01689, 0.00673, 0.08053, 0.10634, 0.04238, 0.03209], [0.08053, 0.10634, 0.26683, 0.20207, 0.01689, 0.04238, 0.00673, 0.01689, 0.03209, 0.04238, 0.10634, 0.08053], [0.03209, 0.04238, 0.10634, 0.50706, 0.04238, 0.10634, 0.01689, 0.04238, 0.01279, 0.01689, 0.04238, 0.03209], [0.20207, 0.04238, 0.01689, 0.08053, 0.26683, 0.10634, 0.10634, 0.04238, 0.08053, 0.01689, 0.00673, 0.03209], [0.08053, 0.01689, 0.04238, 0.20207, 0.10634, 0.26683, 0.04238, 0.10634, 0.03209, 0.00673, 0.01689, 0.08053], [0.08053, 0.01689, 0.00673, 0.03209, 0.10634, 0.04238, 0.26683, 0.10634, 0.20207, 0.04238, 0.01689, 0.08053], [0.03209, 0.00673, 0.01689, 0.08053, 0.04238, 0.10634, 0.10634, 0.26683, 0.08053, 0.01689, 0.04238, 0.20207], [0.03209, 0.04238, 0.01689, 0.01279, 0.04238, 0.01689, 0.10634, 0.04238, 0.50706, 0.10634, 0.04238, 0.03209], [0.08053, 0.10634, 0.04238, 0.03209, 0.01689, 0.00673, 0.04238, 0.01689, 0.20207, 0.26683, 0.10634, 0.08053], [0.03209, 0.04238, 0.10634, 0.08053, 0.00673, 0.01689, 0.01689, 0.04238, 0.08053, 0.10634, 0.26683, 0.20207], [0.01279, 0.01689, 0.04238, 0.03209, 0.01689, 0.04238, 0.04238, 0.10634, 0.03209, 0.04238, 0.10634, 0.50706]]