[[0.4578, 0.16035, 0.06308, 0.03109, 0.16035, 0.01114, 0.06308, 0.00438, 0.03109, 0.01114, 0.00438, 0.00211], [0.18489, 0.39705, 0.15618, 0.07698, 0.06476, 0.02759, 0.02547, 0.01085, 0.01256, 0.02759, 0.01085, 0.00523], [0.07467, 0.16035, 0.38671, 0.19062, 0.02616, 0.06831, 0.01029, 0.02687, 0.00507, 0.01114, 0.02687, 0.01294], [0.03181, 0.06831, 0.16474, 0.44746, 0.01114, 0.16035, 0.00438, 0.06308, 0.00216, 0.00475, 0.01145, 0.03037], [0.18489, 0.06476, 0.02547, 0.01256, 0.39705, 0.02759, 0.15618, 0.01085, 0.07698, 0.02759, 0.01085, 0.00523], [0.01285, 0.02759, 0.06653, 0.18072, 0.02759, 0.39705, 0.01085, 0.15618, 0.00535, 0.01175, 0.02834, 0.07521], [0.07467, 0.02616, 0.01029, 0.00507, 0.16035, 0.01114, 0.38671, 0.02687, 0.19062, 0.06831, 0.02687, 0.01294], [0.00519, 0.01114, 0.02687, 0.07299, 0.01114, 0.16035, 0.02687, 0.38671, 0.01324, 0.0291, 0.07018, 0.18621], [0.03181, 0.01114, 0.00438, 0.00216, 0.06831, 0.00475, 0.16474, 0.01145, 0.44746, 0.16035, 0.06308, 0.03037], [0.01285, 0.02759, 0.01085, 0.00535, 0.02759, 0.01175, 0.06653, 0.02834, 0.18072, 0.39705, 0.15618, 0.07521], [0.00519, 0.01114, 0.02687, 0.01324, 0.01114, 0.0291, 0.02687, 0.07018, 0.07299, 0.16035, 0.38671, 0.18621], [0.00221, 0.00475, 0.01145, 0.03109, 0.00475, 0.06831, 0.01145, 0.16474, 0.03109, 0.06831, 0.16474, 0.43713]]