[[0.63329, 0.06492, 0.0283, 0.01004, 0.01514, 0.06492, 0.03755, 0.01004, 0.0283, 0.03755, 0.00891, 0.00581, 0.00438, 0.01004, 0.00581, 0.00155, 0.01514, 0.01004, 0.00438, 0.00155, 0.00234], [0.24903, 0.1651, 0.07196, 0.02553, 0.03851, 0.06492, 0.09548, 0.01004, 0.0283, 0.09548, 0.02267, 0.01477, 0.00438, 0.01004, 0.01477, 0.00395, 0.03851, 0.02553, 0.01113, 0.00395, 0.00596], [0.09793, 0.06492, 0.183, 0.06492, 0.09793, 0.02553, 0.24281, 0.02553, 0.01113, 0.03755, 0.02267, 0.03755, 0.01113, 0.00395, 0.01477, 0.00395, 0.01514, 0.01004, 0.00438, 0.01004, 0.01514], [0.03851, 0.02553, 0.07196, 0.1651, 0.24903, 0.01004, 0.09548, 0.06492, 0.00438, 0.01477, 0.02267, 0.09548, 0.0283, 0.00395, 0.01477, 0.01004, 0.00596, 0.00395, 0.01113, 0.02553, 0.03851], [0.01514, 0.01004, 0.0283, 0.06492, 0.63329, 0.01004, 0.03755, 0.06492, 0.00438, 0.00581, 0.00891, 0.03755, 0.0283, 0.00155, 0.00581, 0.01004, 0.00234, 0.00155, 0.00438, 0.01004, 0.01514], [0.24903, 0.06492, 0.0283, 0.01004, 0.03851, 0.1651, 0.09548, 0.02553, 0.07196, 0.09548, 0.02267, 0.01477, 0.01113, 0.02553, 0.01477, 0.00395, 0.03851, 0.01004, 0.00438, 0.00395, 0.00596], [0.09793, 0.02553, 0.07196, 0.02553, 0.09793, 0.06492, 0.24281, 0.06492, 0.0283, 0.03755, 0.05765, 0.03755, 0.0283, 0.01004, 0.03755, 0.01004, 0.01514, 0.01004, 0.01113, 0.01004, 0.01514], [0.03851, 0.01004, 0.0283, 0.06492, 0.24903, 0.02553, 0.09548, 0.1651, 0.01113, 0.01477, 0.02267, 0.09548, 0.07196, 0.00395, 0.01477, 0.02553, 0.00596, 0.00395, 0.00438, 0.01004, 0.03851], [0.09793, 0.02553, 0.01113, 0.00395, 0.01514, 0.06492, 0.03755, 0.01004, 0.183, 0.24281, 0.02267, 0.01477, 0.00438, 0.06492, 0.03755, 0.01004, 0.09793, 0.02553, 0.01113, 0.00395, 0.01514], [0.09793, 0.06492, 0.0283, 0.01004, 0.01514, 0.02553, 0.03755, 0.01004, 0.07196, 0.24281, 0.05765, 0.03755, 0.01113, 0.02553, 0.03755, 0.01004, 0.09793, 0.06492, 0.0283, 0.01004, 0.01514], [0.03851, 0.02553, 0.0283, 0.02553, 0.03851, 0.02553, 0.09548, 0.02553, 0.0283, 0.09548, 0.14659, 0.09548, 0.0283, 0.02553, 0.09548, 0.02553, 0.03851, 0.02553, 0.0283, 0.02553, 0.03851], [0.01514, 0.01004, 0.0283, 0.06492, 0.09793, 0.01004, 0.03755, 0.02553, 0.01113, 0.03755, 0.05765, 0.24281, 0.07196, 0.01004, 0.03755, 0.02553, 0.01514, 0.01004, 0.0283, 0.06492, 0.09793], [0.01514, 0.00395, 0.01113, 0.02553, 0.09793, 0.01004, 0.03755, 0.06492, 0.00438, 0.01477, 0.02267, 0.24281, 0.183, 0.01004, 0.03755, 0.06492, 0.01514, 0.00395, 0.01113, 0.02553, 0.09793], [0.03851, 0.01004, 0.00438, 0.00395, 0.00596, 0.02553, 0.01477, 0.00395, 0.07196, 0.09548, 0.02267, 0.01477, 0.01113, 0.1651, 0.09548, 0.02553, 0.24903, 0.06492, 0.0283, 0.01004, 0.03851], [0.01514, 0.01004, 0.01113, 0.01004, 0.01514, 0.01004, 0.03755, 0.01004, 0.0283, 0.03755, 0.05765, 0.03755, 0.0283, 0.06492, 0.24281, 0.06492, 0.09793, 0.02553, 0.07196, 0.02553, 0.09793], [0.00596, 0.00395, 0.00438, 0.01004, 0.03851, 0.00395, 0.01477, 0.02553, 0.01113, 0.01477, 0.02267, 0.09548, 0.07196, 0.02553, 0.09548, 0.1651, 0.03851, 0.01004, 0.0283, 0.06492, 0.24903], [0.01514, 0.01004, 0.00438, 0.00155, 0.00234, 0.01004, 0.00581, 0.00155, 0.0283, 0.03755, 0.00891, 0.00581, 0.00438, 0.06492, 0.03755, 0.01004, 0.63329, 0.06492, 0.0283, 0.01004, 0.01514], [0.03851, 0.02553, 0.01113, 0.00395, 0.00596, 0.01004, 0.01477, 0.00395, 0.0283, 0.09548, 0.02267, 0.01477, 0.00438, 0.06492, 0.09548, 0.01004, 0.24903, 0.1651, 0.07196, 0.02553, 0.03851], [0.01514, 0.01004, 0.00438, 0.01004, 0.01514, 0.00395, 0.01477, 0.00395, 0.01113, 0.03755, 0.02267, 0.03755, 0.01113, 0.02553, 0.24281, 0.02553, 0.09793, 0.06492, 0.183, 0.06492, 0.09793], [0.00596, 0.00395, 0.01113, 0.02553, 0.03851, 0.00395, 0.01477, 0.01004, 0.00438, 0.01477, 0.02267, 0.09548, 0.0283, 0.01004, 0.09548, 0.06492, 0.03851, 0.02553, 0.07196, 0.1651, 0.24903], [0.00234, 0.00155, 0.00438, 0.01004, 0.01514, 0.00155, 0.00581, 0.01004, 0.00438, 0.00581, 0.00891, 0.03755, 0.0283, 0.01004, 0.03755, 0.06492, 0.01514, 0.01004, 0.0283, 0.06492, 0.63329]]