[[0.79804, 0.03215, 0.04023, 0.00544, 0.00059, 0.00198, 0.03215, 0.00435, 0.04023, 0.00544, 0.00544, 0.00544, 0.00059, 0.00435, 0.00198, 0.00435, 0.00544, 0.00544, 0.00435, 0.00198], [0.108, 0.23759, 0.29728, 0.04023, 0.00435, 0.00198, 0.03215, 0.00435, 0.04023, 0.00544, 0.00544, 0.04023, 0.00435, 0.03215, 0.01462, 0.03215, 0.04023, 0.04023, 0.00435, 0.01462], [0.01462, 0.03215, 0.29728, 0.29728, 0.00435, 0.00198, 0.00435, 0.00435, 0.04023, 0.04023, 0.04023, 0.04023, 0.00435, 0.00435, 0.01462, 0.03215, 0.04023, 0.04023, 0.03215, 0.01462], [0.00198, 0.00435, 0.29728, 0.29728, 0.03215, 0.01462, 0.00435, 0.00435, 0.04023, 0.04023, 0.04023, 0.04023, 0.00435, 0.00435, 0.01462, 0.03215, 0.04023, 0.04023, 0.03215, 0.01462], [0.00198, 0.00435, 0.04023, 0.29728, 0.23759, 0.108, 0.00435, 0.03215, 0.00544, 0.04023, 0.04023, 0.00544, 0.03215, 0.00435, 0.01462, 0.00435, 0.04023, 0.04023, 0.03215, 0.01462], [0.00198, 0.00059, 0.00544, 0.04023, 0.03215, 0.79804, 0.00435, 0.03215, 0.00544, 0.04023, 0.00544, 0.00544, 0.00435, 0.00059, 0.00198, 0.00435, 0.00544, 0.00544, 0.00435, 0.00198], [0.108, 0.03215, 0.04023, 0.00544, 0.00435, 0.01462, 0.23759, 0.03215, 0.29728, 0.04023, 0.04023, 0.04023, 0.00435, 0.00435, 0.00198, 0.00435, 0.00544, 0.04023, 0.03215, 0.01462], [0.01462, 0.00435, 0.00544, 0.04023, 0.03215, 0.108, 0.03215, 0.23759, 0.04023, 0.29728, 0.04023, 0.04023, 0.00435, 0.00435, 0.01462, 0.03215, 0.04023, 0.00544, 0.00435, 0.00198], [0.01462, 0.00435, 0.04023, 0.04023, 0.00435, 0.01462, 0.03215, 0.03215, 0.29728, 0.04023, 0.29728, 0.04023, 0.00435, 0.03215, 0.00198, 0.00435, 0.04023, 0.04023, 0.00435, 0.01462], [0.01462, 0.00435, 0.04023, 0.04023, 0.00435, 0.01462, 0.03215, 0.03215, 0.04023, 0.29728, 0.04023, 0.29728, 0.03215, 0.00435, 0.01462, 0.00435, 0.04023, 0.04023, 0.00435, 0.00198], [0.00198, 0.00435, 0.04023, 0.04023, 0.00435, 0.01462, 0.00435, 0.03215, 0.29728, 0.04023, 0.29728, 0.04023, 0.03215, 0.03215, 0.01462, 0.00435, 0.04023, 0.04023, 0.00435, 0.01462], [0.01462, 0.00435, 0.04023, 0.04023, 0.00435, 0.00198, 0.03215, 0.00435, 0.04023, 0.29728, 0.04023, 0.29728, 0.03215, 0.03215, 0.01462, 0.00435, 0.04023, 0.04023, 0.00435, 0.01462], [0.00198, 0.00435, 0.00544, 0.04023, 0.03215, 0.01462, 0.00435, 0.00435, 0.04023, 0.04023, 0.29728, 0.04023, 0.23759, 0.03215, 0.108, 0.03215, 0.04023, 0.00544, 0.00435, 0.01462], [0.01462, 0.03215, 0.04023, 0.00544, 0.00435, 0.00198, 0.00435, 0.00435, 0.04023, 0.04023, 0.04023, 0.29728, 0.03215, 0.23759, 0.01462, 0.00435, 0.00544, 0.04023, 0.03215, 0.108], [0.00198, 0.00435, 0.00544, 0.00544, 0.00435, 0.00198, 0.00059, 0.00435, 0.00544, 0.00544, 0.04023, 0.00544, 0.03215, 0.00435, 0.79804, 0.03215, 0.04023, 0.00544, 0.00059, 0.00198], [0.01462, 0.03215, 0.04023, 0.04023, 0.00435, 0.01462, 0.00435, 0.03215, 0.00544, 0.04023, 0.04023, 0.00544, 0.03215, 0.00435, 0.108, 0.23759, 0.29728, 0.04023, 0.00435, 0.00198], [0.01462, 0.03215, 0.04023, 0.04023, 0.03215, 0.01462, 0.00435, 0.00435, 0.04023, 0.04023, 0.04023, 0.04023, 0.00435, 0.00435, 0.01462, 0.03215, 0.29728, 0.29728, 0.00435, 0.00198], [0.01462, 0.03215, 0.04023, 0.04023, 0.03215, 0.01462, 0.00435, 0.00435, 0.04023, 0.04023, 0.04023, 0.04023, 0.00435, 0.00435, 0.00198, 0.00435, 0.29728, 0.29728, 0.03215, 0.01462], [0.01462, 0.00435, 0.04023, 0.04023, 0.03215, 0.01462, 0.03215, 0.00435, 0.04023, 0.00544, 0.00544, 0.04023, 0.00435, 0.03215, 0.00198, 0.00435, 0.04023, 0.29728, 0.23759, 0.108], [0.00198, 0.00435, 0.00544, 0.00544, 0.00435, 0.00198, 0.00435, 0.00059, 0.00544, 0.00544, 0.00544, 0.04023, 0.00435, 0.03215, 0.00198, 0.00059, 0.00544, 0.04023, 0.03215, 0.79804]]