[[0.87067, 0.05627, 0.00391, 0.00029, 0.05627, 0.00391, 0.00391, 0.00027, 0.00029, 0.00391, 0.00027, 2e-05], [0.0605, 0.80988, 0.05627, 0.0042, 0.00391, 0.00027, 0.00027, 2e-05, 0.0042, 0.05627, 0.00391, 0.00029], [0.0042, 0.05627, 0.80988, 0.0605, 0.00027, 0.00391, 2e-05, 0.00027, 0.00029, 0.00391, 0.05627, 0.0042], [0.00029, 0.00391, 0.05627, 0.87067, 0.00391, 0.05627, 0.00027, 0.00391, 2e-05, 0.00027, 0.00391, 0.00029], [0.0605, 0.00391, 0.00027, 0.0042, 0.80988, 0.05627, 0.05627, 0.00391, 0.0042, 0.00027, 2e-05, 0.00029], [0.0042, 0.00027, 0.00391, 0.0605, 0.05627, 0.80988, 0.00391, 0.05627, 0.00029, 2e-05, 0.00027, 0.0042], [0.0042, 0.00027, 2e-05, 0.00029, 0.05627, 0.00391, 0.80988, 0.05627, 0.0605, 0.00391, 0.00027, 0.0042], [0.00029, 2e-05, 0.00027, 0.0042, 0.00391, 0.05627, 0.05627, 0.80988, 0.0042, 0.00027, 0.00391, 0.0605], [0.00029, 0.00391, 0.00027, 2e-05, 0.00391, 0.00027, 0.05627, 0.00391, 0.87067, 0.05627, 0.00391, 0.00029], [0.0042, 0.05627, 0.00391, 0.00029, 0.00027, 2e-05, 0.00391, 0.00027, 0.0605, 0.80988, 0.05627, 0.0042], [0.00029, 0.00391, 0.05627, 0.0042, 2e-05, 0.00027, 0.00027, 0.00391, 0.0042, 0.05627, 0.80988, 0.0605], [2e-05, 0.00027, 0.00391, 0.00029, 0.00027, 0.00391, 0.00391, 0.05627, 0.00029, 0.00391, 0.05627, 0.87067]]