[[0.95002, 0.02207, 0.00057, 1e-05, 2e-05, 2e-05, 0.02207, 0.00058, 0.00057, 0.00057, 1e-05, 0.00057, 2e-05, 0.00058, 2e-05, 0.00058, 0.00057, 0.00057, 0.00058, 2e-05], [0.02503, 0.83747, 0.0216, 0.00057, 0.00058, 2e-05, 0.02207, 0.00058, 0.00057, 0.00057, 0.00057, 0.00057, 0.00058, 0.02207, 0.00066, 0.02207, 0.0216, 0.0216, 0.00058, 0.00066], [0.00066, 0.02207, 0.81977, 0.0216, 0.00058, 2e-05, 0.00058, 0.00058, 0.0216, 0.00057, 0.00057, 0.0216, 0.00058, 0.00058, 0.00066, 0.02207, 0.0216, 0.0216, 0.02207, 0.00066], [2e-05, 0.00058, 0.0216, 0.81977, 0.02207, 0.00066, 0.00058, 0.00058, 0.00057, 0.0216, 0.0216, 0.00057, 0.00058, 0.00058, 0.00066, 0.02207, 0.0216, 0.0216, 0.02207, 0.00066], [2e-05, 0.00058, 0.00057, 0.0216, 0.83747, 0.02503, 0.00058, 0.02207, 0.00057, 0.00057, 0.00057, 0.00057, 0.02207, 0.00058, 0.00066, 0.00058, 0.0216, 0.0216, 0.02207, 0.00066], [2e-05, 2e-05, 1e-05, 0.00057, 0.02207, 0.95002, 0.00058, 0.02207, 0.00057, 0.00057, 0.00057, 1e-05, 0.00058, 2e-05, 2e-05, 0.00058, 0.00057, 0.00057, 0.00058, 2e-05], [0.02503, 0.02207, 0.00057, 0.00057, 0.00058, 0.00066, 0.83747, 0.02207, 0.0216, 0.0216, 0.00057, 0.0216, 0.00058, 0.00058, 2e-05, 0.00058, 0.00057, 0.00057, 0.02207, 0.00066], [0.00066, 0.00058, 0.00057, 0.00057, 0.02207, 0.02503, 0.02207, 0.83747, 0.0216, 0.0216, 0.0216, 0.00057, 0.00058, 0.00058, 0.00066, 0.02207, 0.00057, 0.00057, 0.00058, 2e-05], [0.00066, 0.00058, 0.0216, 0.00057, 0.00058, 0.00066, 0.02207, 0.02207, 0.81977, 0.0216, 0.0216, 0.0216, 0.00058, 0.02207, 2e-05, 0.00058, 0.00057, 0.0216, 0.00058, 0.00066], [0.00066, 0.00058, 0.00057, 0.0216, 0.00058, 0.00066, 0.02207, 0.02207, 0.0216, 0.81977, 0.0216, 0.0216, 0.02207, 0.00058, 0.00066, 0.00058, 0.0216, 0.00057, 0.00058, 2e-05], [2e-05, 0.00058, 0.00057, 0.0216, 0.00058, 0.00066, 0.00058, 0.02207, 0.0216, 0.0216, 0.81977, 0.0216, 0.02207, 0.02207, 0.00066, 0.00058, 0.0216, 0.00057, 0.00058, 0.00066], [0.00066, 0.00058, 0.0216, 0.00057, 0.00058, 2e-05, 0.02207, 0.00058, 0.0216, 0.0216, 0.0216, 0.81977, 0.02207, 0.02207, 0.00066, 0.00058, 0.00057, 0.0216, 0.00058, 0.00066], [2e-05, 0.00058, 0.00057, 0.00057, 0.02207, 0.00066, 0.00058, 0.00058, 0.00057, 0.0216, 0.0216, 0.0216, 0.83747, 0.02207, 0.02503, 0.02207, 0.00057, 0.00057, 0.00058, 0.00066], [0.00066, 0.02207, 0.00057, 0.00057, 0.00058, 2e-05, 0.00058, 0.00058, 0.0216, 0.00057, 0.0216, 0.0216, 0.02207, 0.83747, 0.00066, 0.00058, 0.00057, 0.00057, 0.02207, 0.02503], [2e-05, 0.00058, 0.00057, 0.00057, 0.00058, 2e-05, 2e-05, 0.00058, 1e-05, 0.00057, 0.00057, 0.00057, 0.02207, 0.00058, 0.95002, 0.02207, 0.00057, 1e-05, 2e-05, 2e-05], [0.00066, 0.02207, 0.0216, 0.0216, 0.00058, 0.00066, 0.00058, 0.02207, 0.00057, 0.00057, 0.00057, 0.00057, 0.02207, 0.00058, 0.02503, 0.83747, 0.0216, 0.00057, 0.00058, 2e-05], [0.00066, 0.02207, 0.0216, 0.0216, 0.02207, 0.00066, 0.00058, 0.00058, 0.00057, 0.0216, 0.0216, 0.00057, 0.00058, 0.00058, 0.00066, 0.02207, 0.81977, 0.0216, 0.00058, 2e-05], [0.00066, 0.02207, 0.0216, 0.0216, 0.02207, 0.00066, 0.00058, 0.00058, 0.0216, 0.00057, 0.00057, 0.0216, 0.00058, 0.00058, 2e-05, 0.00058, 0.0216, 0.81977, 0.02207, 0.00066], [0.00066, 0.00058, 0.0216, 0.0216, 0.02207, 0.00066, 0.02207, 0.00058, 0.00057, 0.00057, 0.00057, 0.00057, 0.00058, 0.02207, 2e-05, 0.00058, 0.00057, 0.0216, 0.83747, 0.02503], [2e-05, 0.00058, 0.00057, 0.00057, 0.00058, 2e-05, 0.00058, 2e-05, 0.00057, 1e-05, 0.00057, 0.00057, 0.00058, 0.02207, 2e-05, 2e-05, 1e-05, 0.00057, 0.02207, 0.95002]]