[[0.88576, 0.05058, 0.00308, 0.0002, 0.05058, 0.00308, 0.00308, 0.00019, 0.0002, 0.00308, 0.00019, 1e-05], [0.05386, 0.8317, 0.05058, 0.00328, 0.00308, 0.00019, 0.00019, 1e-05, 0.00328, 0.05058, 0.00308, 0.0002], [0.00328, 0.05058, 0.8317, 0.05386, 0.00019, 0.00308, 1e-05, 0.00019, 0.0002, 0.00308, 0.05058, 0.00328], [0.0002, 0.00308, 0.05058, 0.88576, 0.00308, 0.05058, 0.00019, 0.00308, 1e-05, 0.00019, 0.00308, 0.0002], [0.05386, 0.00308, 0.00019, 0.00328, 0.8317, 0.05058, 0.05058, 0.00308, 0.00328, 0.00019, 1e-05, 0.0002], [0.00328, 0.00019, 0.00308, 0.05386, 0.05058, 0.8317, 0.00308, 0.05058, 0.0002, 1e-05, 0.00019, 0.00328], [0.00328, 0.00019, 1e-05, 0.0002, 0.05058, 0.00308, 0.8317, 0.05058, 0.05386, 0.00308, 0.00019, 0.00328], [0.0002, 1e-05, 0.00019, 0.00328, 0.00308, 0.05058, 0.05058, 0.8317, 0.00328, 0.00019, 0.00308, 0.05386], [0.0002, 0.00308, 0.00019, 1e-05, 0.00308, 0.00019, 0.05058, 0.00308, 0.88576, 0.05058, 0.00308, 0.0002], [0.00328, 0.05058, 0.00308, 0.0002, 0.00019, 1e-05, 0.00308, 0.00019, 0.05386, 0.8317, 0.05058, 0.00328], [0.0002, 0.00308, 0.05058, 0.00328, 1e-05, 0.00019, 0.00019, 0.00308, 0.00328, 0.05058, 0.8317, 0.05386], [1e-05, 0.00019, 0.00308, 0.0002, 0.00019, 0.00308, 0.00308, 0.05058, 0.0002, 0.00308, 0.05058, 0.88576]]