[[0.90221, 0.03824, 0.00202, 0.00011, 0.00011, 0.00015, 0.03824, 0.00208, 0.00202, 0.00202, 0.00011, 0.00202, 0.00011, 0.00208, 0.00015, 0.00208, 0.00202, 0.00202, 0.00208, 0.00015], [0.04919, 0.70129, 0.03696, 0.00202, 0.00208, 0.00015, 0.03824, 0.00208, 0.00202, 0.00202, 0.00202, 0.00202, 0.00208, 0.03824, 0.00268, 0.03824, 0.03696, 0.03696, 0.00208, 0.00268], [0.00268, 0.03824, 0.67784, 0.03696, 0.00208, 0.00015, 0.00208, 0.00208, 0.03696, 0.00202, 0.00202, 0.03696, 0.00208, 0.00208, 0.00268, 0.03824, 0.03696, 0.03696, 0.03824, 0.00268], [0.00015, 0.00208, 0.03696, 0.67784, 0.03824, 0.00268, 0.00208, 0.00208, 0.00202, 0.03696, 0.03696, 0.00202, 0.00208, 0.00208, 0.00268, 0.03824, 0.03696, 0.03696, 0.03824, 0.00268], [0.00015, 0.00208, 0.00202, 0.03696, 0.70129, 0.04919, 0.00208, 0.03824, 0.00202, 0.00202, 0.00202, 0.00202, 0.03824, 0.00208, 0.00268, 0.00208, 0.03696, 0.03696, 0.03824, 0.00268], [0.00015, 0.00011, 0.00011, 0.00202, 0.03824, 0.90221, 0.00208, 0.03824, 0.00202, 0.00202, 0.00202, 0.00011, 0.00208, 0.00011, 0.00015, 0.00208, 0.00202, 0.00202, 0.00208, 0.00015], [0.04919, 0.03824, 0.00202, 0.00202, 0.00208, 0.00268, 0.70129, 0.03824, 0.03696, 0.03696, 0.00202, 0.03696, 0.00208, 0.00208, 0.00015, 0.00208, 0.00202, 0.00202, 0.03824, 0.00268], [0.00268, 0.00208, 0.00202, 0.00202, 0.03824, 0.04919, 0.03824, 0.70129, 0.03696, 0.03696, 0.03696, 0.00202, 0.00208, 0.00208, 0.00268, 0.03824, 0.00202, 0.00202, 0.00208, 0.00015], [0.00268, 0.00208, 0.03696, 0.00202, 0.00208, 0.00268, 0.03824, 0.03824, 0.67784, 0.03696, 0.03696, 0.03696, 0.00208, 0.03824, 0.00015, 0.00208, 0.00202, 0.03696, 0.00208, 0.00268], [0.00268, 0.00208, 0.00202, 0.03696, 0.00208, 0.00268, 0.03824, 0.03824, 0.03696, 0.67784, 0.03696, 0.03696, 0.03824, 0.00208, 0.00268, 0.00208, 0.03696, 0.00202, 0.00208, 0.00015], [0.00015, 0.00208, 0.00202, 0.03696, 0.00208, 0.00268, 0.00208, 0.03824, 0.03696, 0.03696, 0.67784, 0.03696, 0.03824, 0.03824, 0.00268, 0.00208, 0.03696, 0.00202, 0.00208, 0.00268], [0.00268, 0.00208, 0.03696, 0.00202, 0.00208, 0.00015, 0.03824, 0.00208, 0.03696, 0.03696, 0.03696, 0.67784, 0.03824, 0.03824, 0.00268, 0.00208, 0.00202, 0.03696, 0.00208, 0.00268], [0.00015, 0.00208, 0.00202, 0.00202, 0.03824, 0.00268, 0.00208, 0.00208, 0.00202, 0.03696, 0.03696, 0.03696, 0.70129, 0.03824, 0.04919, 0.03824, 0.00202, 0.00202, 0.00208, 0.00268], [0.00268, 0.03824, 0.00202, 0.00202, 0.00208, 0.00015, 0.00208, 0.00208, 0.03696, 0.00202, 0.03696, 0.03696, 0.03824, 0.70129, 0.00268, 0.00208, 0.00202, 0.00202, 0.03824, 0.04919], [0.00015, 0.00208, 0.00202, 0.00202, 0.00208, 0.00015, 0.00011, 0.00208, 0.00011, 0.00202, 0.00202, 0.00202, 0.03824, 0.00208, 0.90221, 0.03824, 0.00202, 0.00011, 0.00011, 0.00015], [0.00268, 0.03824, 0.03696, 0.03696, 0.00208, 0.00268, 0.00208, 0.03824, 0.00202, 0.00202, 0.00202, 0.00202, 0.03824, 0.00208, 0.04919, 0.70129, 0.03696, 0.00202, 0.00208, 0.00015], [0.00268, 0.03824, 0.03696, 0.03696, 0.03824, 0.00268, 0.00208, 0.00208, 0.00202, 0.03696, 0.03696, 0.00202, 0.00208, 0.00208, 0.00268, 0.03824, 0.67784, 0.03696, 0.00208, 0.00015], [0.00268, 0.03824, 0.03696, 0.03696, 0.03824, 0.00268, 0.00208, 0.00208, 0.03696, 0.00202, 0.00202, 0.03696, 0.00208, 0.00208, 0.00015, 0.00208, 0.03696, 0.67784, 0.03824, 0.00268], [0.00268, 0.00208, 0.03696, 0.03696, 0.03824, 0.00268, 0.03824, 0.00208, 0.00202, 0.00202, 0.00202, 0.00202, 0.00208, 0.03824, 0.00015, 0.00208, 0.00202, 0.03696, 0.70129, 0.04919], [0.00015, 0.00208, 0.00202, 0.00202, 0.00208, 0.00015, 0.00208, 0.00011, 0.00202, 0.00011, 0.00202, 0.00202, 0.00208, 0.03824, 0.00015, 0.00011, 0.00011, 0.00202, 0.03824, 0.90221]]