[[0.82414, 0.03044, 0.0362, 0.00408, 0.00039, 0.00118, 0.03044, 0.00343, 0.0362, 0.00408, 0.00408, 0.00408, 0.00039, 0.00343, 0.00118, 0.00343, 0.00408, 0.00408, 0.00343, 0.00118], [0.09299, 0.26978, 0.32082, 0.0362, 0.00343, 0.00118, 0.03044, 0.00343, 0.0362, 0.00408, 0.00408, 0.0362, 0.00343, 0.03044, 0.01049, 0.03044, 0.0362, 0.0362, 0.00343, 0.01049], [0.01049, 0.03044, 0.32082, 0.32082, 0.00343, 0.00118, 0.00343, 0.00343, 0.0362, 0.0362, 0.0362, 0.0362, 0.00343, 0.00343, 0.01049, 0.03044, 0.0362, 0.0362, 0.03044, 0.01049], [0.00118, 0.00343, 0.32082, 0.32082, 0.03044, 0.01049, 0.00343, 0.00343, 0.0362, 0.0362, 0.0362, 0.0362, 0.00343, 0.00343, 0.01049, 0.03044, 0.0362, 0.0362, 0.03044, 0.01049], [0.00118, 0.00343, 0.0362, 0.32082, 0.26978, 0.09299, 0.00343, 0.03044, 0.00408, 0.0362, 0.0362, 0.00408, 0.03044, 0.00343, 0.01049, 0.00343, 0.0362, 0.0362, 0.03044, 0.01049], [0.00118, 0.00039, 0.00408, 0.0362, 0.03044, 0.82414, 0.00343, 0.03044, 0.00408, 0.0362, 0.00408, 0.00408, 0.00343, 0.00039, 0.00118, 0.00343, 0.00408, 0.00408, 0.00343, 0.00118], [0.09299, 0.03044, 0.0362, 0.00408, 0.00343, 0.01049, 0.26978, 0.03044, 0.32082, 0.0362, 0.0362, 0.0362, 0.00343, 0.00343, 0.00118, 0.00343, 0.00408, 0.0362, 0.03044, 0.01049], [0.01049, 0.00343, 0.00408, 0.0362, 0.03044, 0.09299, 0.03044, 0.26978, 0.0362, 0.32082, 0.0362, 0.0362, 0.00343, 0.00343, 0.01049, 0.03044, 0.0362, 0.00408, 0.00343, 0.00118], [0.01049, 0.00343, 0.0362, 0.0362, 0.00343, 0.01049, 0.03044, 0.03044, 0.32082, 0.0362, 0.32082, 0.0362, 0.00343, 0.03044, 0.00118, 0.00343, 0.0362, 0.0362, 0.00343, 0.01049], [0.01049, 0.00343, 0.0362, 0.0362, 0.00343, 0.01049, 0.03044, 0.03044, 0.0362, 0.32082, 0.0362, 0.32082, 0.03044, 0.00343, 0.01049, 0.00343, 0.0362, 0.0362, 0.00343, 0.00118], [0.00118, 0.00343, 0.0362, 0.0362, 0.00343, 0.01049, 0.00343, 0.03044, 0.32082, 0.0362, 0.32082, 0.0362, 0.03044, 0.03044, 0.01049, 0.00343, 0.0362, 0.0362, 0.00343, 0.01049], [0.01049, 0.00343, 0.0362, 0.0362, 0.00343, 0.00118, 0.03044, 0.00343, 0.0362, 0.32082, 0.0362, 0.32082, 0.03044, 0.03044, 0.01049, 0.00343, 0.0362, 0.0362, 0.00343, 0.01049], [0.00118, 0.00343, 0.00408, 0.0362, 0.03044, 0.01049, 0.00343, 0.00343, 0.0362, 0.0362, 0.32082, 0.0362, 0.26978, 0.03044, 0.09299, 0.03044, 0.0362, 0.00408, 0.00343, 0.01049], [0.01049, 0.03044, 0.0362, 0.00408, 0.00343, 0.00118, 0.00343, 0.00343, 0.0362, 0.0362, 0.0362, 0.32082, 0.03044, 0.26978, 0.01049, 0.00343, 0.00408, 0.0362, 0.03044, 0.09299], [0.00118, 0.00343, 0.00408, 0.00408, 0.00343, 0.00118, 0.00039, 0.00343, 0.00408, 0.00408, 0.0362, 0.00408, 0.03044, 0.00343, 0.82414, 0.03044, 0.0362, 0.00408, 0.00039, 0.00118], [0.01049, 0.03044, 0.0362, 0.0362, 0.00343, 0.01049, 0.00343, 0.03044, 0.00408, 0.0362, 0.0362, 0.00408, 0.03044, 0.00343, 0.09299, 0.26978, 0.32082, 0.0362, 0.00343, 0.00118], [0.01049, 0.03044, 0.0362, 0.0362, 0.03044, 0.01049, 0.00343, 0.00343, 0.0362, 0.0362, 0.0362, 0.0362, 0.00343, 0.00343, 0.01049, 0.03044, 0.32082, 0.32082, 0.00343, 0.00118], [0.01049, 0.03044, 0.0362, 0.0362, 0.03044, 0.01049, 0.00343, 0.00343, 0.0362, 0.0362, 0.0362, 0.0362, 0.00343, 0.00343, 0.00118, 0.00343, 0.32082, 0.32082, 0.03044, 0.01049], [0.01049, 0.00343, 0.0362, 0.0362, 0.03044, 0.01049, 0.03044, 0.00343, 0.0362, 0.00408, 0.00408, 0.0362, 0.00343, 0.03044, 0.00118, 0.00343, 0.0362, 0.32082, 0.26978, 0.09299], [0.00118, 0.00343, 0.00408, 0.00408, 0.00343, 0.00118, 0.00343, 0.00039, 0.00408, 0.00408, 0.00408, 0.0362, 0.00343, 0.03044, 0.00118, 0.00039, 0.00408, 0.0362, 0.03044, 0.82414]]