[[0.92974, 0.02948, 0.00109, 4e-05, 4e-05, 5e-05, 0.02948, 0.00112, 0.00109, 0.00109, 4e-05, 0.00109, 4e-05, 0.00112, 5e-05, 0.00112, 0.00109, 0.00109, 0.00112, 5e-05], [0.03524, 0.7777, 0.02867, 0.00109, 0.00112, 5e-05, 0.02948, 0.00112, 0.00109, 0.00109, 0.00109, 0.00109, 0.00112, 0.02948, 0.00134, 0.02948, 0.02867, 0.02867, 0.00112, 0.00134], [0.00134, 0.02948, 0.7564, 0.02867, 0.00112, 5e-05, 0.00112, 0.00112, 0.02867, 0.00109, 0.00109, 0.02867, 0.00112, 0.00112, 0.00134, 0.02948, 0.02867, 0.02867, 0.02948, 0.00134], [5e-05, 0.00112, 0.02867, 0.7564, 0.02948, 0.00134, 0.00112, 0.00112, 0.00109, 0.02867, 0.02867, 0.00109, 0.00112, 0.00112, 0.00134, 0.02948, 0.02867, 0.02867, 0.02948, 0.00134], [5e-05, 0.00112, 0.00109, 0.02867, 0.7777, 0.03524, 0.00112, 0.02948, 0.00109, 0.00109, 0.00109, 0.00109, 0.02948, 0.00112, 0.00134, 0.00112, 0.02867, 0.02867, 0.02948, 0.00134], [5e-05, 4e-05, 4e-05, 0.00109, 0.02948, 0.92974, 0.00112, 0.02948, 0.00109, 0.00109, 0.00109, 4e-05, 0.00112, 4e-05, 5e-05, 0.00112, 0.00109, 0.00109, 0.00112, 5e-05], [0.03524, 0.02948, 0.00109, 0.00109, 0.00112, 0.00134, 0.7777, 0.02948, 0.02867, 0.02867, 0.00109, 0.02867, 0.00112, 0.00112, 5e-05, 0.00112, 0.00109, 0.00109, 0.02948, 0.00134], [0.00134, 0.00112, 0.00109, 0.00109, 0.02948, 0.03524, 0.02948, 0.7777, 0.02867, 0.02867, 0.02867, 0.00109, 0.00112, 0.00112, 0.00134, 0.02948, 0.00109, 0.00109, 0.00112, 5e-05], [0.00134, 0.00112, 0.02867, 0.00109, 0.00112, 0.00134, 0.02948, 0.02948, 0.7564, 0.02867, 0.02867, 0.02867, 0.00112, 0.02948, 5e-05, 0.00112, 0.00109, 0.02867, 0.00112, 0.00134], [0.00134, 0.00112, 0.00109, 0.02867, 0.00112, 0.00134, 0.02948, 0.02948, 0.02867, 0.7564, 0.02867, 0.02867, 0.02948, 0.00112, 0.00134, 0.00112, 0.02867, 0.00109, 0.00112, 5e-05], [5e-05, 0.00112, 0.00109, 0.02867, 0.00112, 0.00134, 0.00112, 0.02948, 0.02867, 0.02867, 0.7564, 0.02867, 0.02948, 0.02948, 0.00134, 0.00112, 0.02867, 0.00109, 0.00112, 0.00134], [0.00134, 0.00112, 0.02867, 0.00109, 0.00112, 5e-05, 0.02948, 0.00112, 0.02867, 0.02867, 0.02867, 0.7564, 0.02948, 0.02948, 0.00134, 0.00112, 0.00109, 0.02867, 0.00112, 0.00134], [5e-05, 0.00112, 0.00109, 0.00109, 0.02948, 0.00134, 0.00112, 0.00112, 0.00109, 0.02867, 0.02867, 0.02867, 0.7777, 0.02948, 0.03524, 0.02948, 0.00109, 0.00109, 0.00112, 0.00134], [0.00134, 0.02948, 0.00109, 0.00109, 0.00112, 5e-05, 0.00112, 0.00112, 0.02867, 0.00109, 0.02867, 0.02867, 0.02948, 0.7777, 0.00134, 0.00112, 0.00109, 0.00109, 0.02948, 0.03524], [5e-05, 0.00112, 0.00109, 0.00109, 0.00112, 5e-05, 4e-05, 0.00112, 4e-05, 0.00109, 0.00109, 0.00109, 0.02948, 0.00112, 0.92974, 0.02948, 0.00109, 4e-05, 4e-05, 5e-05], [0.00134, 0.02948, 0.02867, 0.02867, 0.00112, 0.00134, 0.00112, 0.02948, 0.00109, 0.00109, 0.00109, 0.00109, 0.02948, 0.00112, 0.03524, 0.7777, 0.02867, 0.00109, 0.00112, 5e-05], [0.00134, 0.02948, 0.02867, 0.02867, 0.02948, 0.00134, 0.00112, 0.00112, 0.00109, 0.02867, 0.02867, 0.00109, 0.00112, 0.00112, 0.00134, 0.02948, 0.7564, 0.02867, 0.00112, 5e-05], [0.00134, 0.02948, 0.02867, 0.02867, 0.02948, 0.00134, 0.00112, 0.00112, 0.02867, 0.00109, 0.00109, 0.02867, 0.00112, 0.00112, 5e-05, 0.00112, 0.02867, 0.7564, 0.02948, 0.00134], [0.00134, 0.00112, 0.02867, 0.02867, 0.02948, 0.00134, 0.02948, 0.00112, 0.00109, 0.00109, 0.00109, 0.00109, 0.00112, 0.02948, 5e-05, 0.00112, 0.00109, 0.02867, 0.7777, 0.03524], [5e-05, 0.00112, 0.00109, 0.00109, 0.00112, 5e-05, 0.00112, 4e-05, 0.00109, 4e-05, 0.00109, 0.00109, 0.00112, 0.02948, 5e-05, 4e-05, 4e-05, 0.00109, 0.02948, 0.92974]]