[[0.91699, 0.03372, 0.00149, 7e-05, 7e-05, 9e-05, 0.03372, 0.00153, 0.00149, 0.00149, 7e-05, 0.00149, 7e-05, 0.00153, 9e-05, 0.00153, 0.00149, 0.00149, 0.00153, 9e-05], [0.04169, 0.74167, 0.03269, 0.00149, 0.00153, 9e-05, 0.03372, 0.00153, 0.00149, 0.00149, 0.00149, 0.00149, 0.00153, 0.03372, 0.0019, 0.03372, 0.03269, 0.03269, 0.00153, 0.0019], [0.0019, 0.03372, 0.71901, 0.03269, 0.00153, 9e-05, 0.00153, 0.00153, 0.03269, 0.00149, 0.00149, 0.03269, 0.00153, 0.00153, 0.0019, 0.03372, 0.03269, 0.03269, 0.03372, 0.0019], [9e-05, 0.00153, 0.03269, 0.71901, 0.03372, 0.0019, 0.00153, 0.00153, 0.00149, 0.03269, 0.03269, 0.00149, 0.00153, 0.00153, 0.0019, 0.03372, 0.03269, 0.03269, 0.03372, 0.0019], [9e-05, 0.00153, 0.00149, 0.03269, 0.74167, 0.04169, 0.00153, 0.03372, 0.00149, 0.00149, 0.00149, 0.00149, 0.03372, 0.00153, 0.0019, 0.00153, 0.03269, 0.03269, 0.03372, 0.0019], [9e-05, 7e-05, 7e-05, 0.00149, 0.03372, 0.91699, 0.00153, 0.03372, 0.00149, 0.00149, 0.00149, 7e-05, 0.00153, 7e-05, 9e-05, 0.00153, 0.00149, 0.00149, 0.00153, 9e-05], [0.04169, 0.03372, 0.00149, 0.00149, 0.00153, 0.0019, 0.74167, 0.03372, 0.03269, 0.03269, 0.00149, 0.03269, 0.00153, 0.00153, 9e-05, 0.00153, 0.00149, 0.00149, 0.03372, 0.0019], [0.0019, 0.00153, 0.00149, 0.00149, 0.03372, 0.04169, 0.03372, 0.74167, 0.03269, 0.03269, 0.03269, 0.00149, 0.00153, 0.00153, 0.0019, 0.03372, 0.00149, 0.00149, 0.00153, 9e-05], [0.0019, 0.00153, 0.03269, 0.00149, 0.00153, 0.0019, 0.03372, 0.03372, 0.71901, 0.03269, 0.03269, 0.03269, 0.00153, 0.03372, 9e-05, 0.00153, 0.00149, 0.03269, 0.00153, 0.0019], [0.0019, 0.00153, 0.00149, 0.03269, 0.00153, 0.0019, 0.03372, 0.03372, 0.03269, 0.71901, 0.03269, 0.03269, 0.03372, 0.00153, 0.0019, 0.00153, 0.03269, 0.00149, 0.00153, 9e-05], [9e-05, 0.00153, 0.00149, 0.03269, 0.00153, 0.0019, 0.00153, 0.03372, 0.03269, 0.03269, 0.71901, 0.03269, 0.03372, 0.03372, 0.0019, 0.00153, 0.03269, 0.00149, 0.00153, 0.0019], [0.0019, 0.00153, 0.03269, 0.00149, 0.00153, 9e-05, 0.03372, 0.00153, 0.03269, 0.03269, 0.03269, 0.71901, 0.03372, 0.03372, 0.0019, 0.00153, 0.00149, 0.03269, 0.00153, 0.0019], [9e-05, 0.00153, 0.00149, 0.00149, 0.03372, 0.0019, 0.00153, 0.00153, 0.00149, 0.03269, 0.03269, 0.03269, 0.74167, 0.03372, 0.04169, 0.03372, 0.00149, 0.00149, 0.00153, 0.0019], [0.0019, 0.03372, 0.00149, 0.00149, 0.00153, 9e-05, 0.00153, 0.00153, 0.03269, 0.00149, 0.03269, 0.03269, 0.03372, 0.74167, 0.0019, 0.00153, 0.00149, 0.00149, 0.03372, 0.04169], [9e-05, 0.00153, 0.00149, 0.00149, 0.00153, 9e-05, 7e-05, 0.00153, 7e-05, 0.00149, 0.00149, 0.00149, 0.03372, 0.00153, 0.91699, 0.03372, 0.00149, 7e-05, 7e-05, 9e-05], [0.0019, 0.03372, 0.03269, 0.03269, 0.00153, 0.0019, 0.00153, 0.03372, 0.00149, 0.00149, 0.00149, 0.00149, 0.03372, 0.00153, 0.04169, 0.74167, 0.03269, 0.00149, 0.00153, 9e-05], [0.0019, 0.03372, 0.03269, 0.03269, 0.03372, 0.0019, 0.00153, 0.00153, 0.00149, 0.03269, 0.03269, 0.00149, 0.00153, 0.00153, 0.0019, 0.03372, 0.71901, 0.03269, 0.00153, 9e-05], [0.0019, 0.03372, 0.03269, 0.03269, 0.03372, 0.0019, 0.00153, 0.00153, 0.03269, 0.00149, 0.00149, 0.03269, 0.00153, 0.00153, 9e-05, 0.00153, 0.03269, 0.71901, 0.03372, 0.0019], [0.0019, 0.00153, 0.03269, 0.03269, 0.03372, 0.0019, 0.03372, 0.00153, 0.00149, 0.00149, 0.00149, 0.00149, 0.00153, 0.03372, 9e-05, 0.00153, 0.00149, 0.03269, 0.74167, 0.04169], [9e-05, 0.00153, 0.00149, 0.00149, 0.00153, 9e-05, 0.00153, 7e-05, 0.00149, 7e-05, 0.00149, 0.00149, 0.00153, 0.03372, 9e-05, 7e-05, 7e-05, 0.00149, 0.03372, 0.91699]]