[[0.57136, 0.11539, 0.03499, 0.01593, 0.11539, 0.03499, 0.03499, 0.01061, 0.01593, 0.03499, 0.01061, 0.00483], [0.17324, 0.38058, 0.11539, 0.05253, 0.03499, 0.01061, 0.01061, 0.00322, 0.05253, 0.11539, 0.03499, 0.01593], [0.05253, 0.11539, 0.38058, 0.17324, 0.01061, 0.03499, 0.00322, 0.01061, 0.01593, 0.03499, 0.11539, 0.05253], [0.01593, 0.03499, 0.11539, 0.57136, 0.03499, 0.11539, 0.01061, 0.03499, 0.00483, 0.01061, 0.03499, 0.01593], [0.17324, 0.03499, 0.01061, 0.05253, 0.38058, 0.11539, 0.11539, 0.03499, 0.05253, 0.01061, 0.00322, 0.01593], [0.05253, 0.01061, 0.03499, 0.17324, 0.11539, 0.38058, 0.03499, 0.11539, 0.01593, 0.00322, 0.01061, 0.05253], [0.05253, 0.01061, 0.00322, 0.01593, 0.11539, 0.03499, 0.38058, 0.11539, 0.17324, 0.03499, 0.01061, 0.05253], [0.01593, 0.00322, 0.01061, 0.05253, 0.03499, 0.11539, 0.11539, 0.38058, 0.05253, 0.01061, 0.03499, 0.17324], [0.01593, 0.03499, 0.01061, 0.00483, 0.03499, 0.01061, 0.11539, 0.03499, 0.57136, 0.11539, 0.03499, 0.01593], [0.05253, 0.11539, 0.03499, 0.01593, 0.01061, 0.00322, 0.03499, 0.01061, 0.17324, 0.38058, 0.11539, 0.05253], [0.01593, 0.03499, 0.11539, 0.05253, 0.00322, 0.01061, 0.01061, 0.03499, 0.05253, 0.11539, 0.38058, 0.17324], [0.00483, 0.01061, 0.03499, 0.01593, 0.01061, 0.03499, 0.03499, 0.11539, 0.01593, 0.03499, 0.11539, 0.57136]]