[[0.33151, 0.16759, 0.08026, 0.04069, 0.02276, 0.01186, 0.16759, 0.00554, 0.08026, 0.00308, 0.04069, 0.00144, 0.02276, 0.0008, 0.01186, 0.00554, 0.00308, 0.00144, 0.0008, 0.00042], [0.1702, 0.32643, 0.15632, 0.07926, 0.04432, 0.02311, 0.08605, 0.01079, 0.04121, 0.006, 0.02089, 0.00281, 0.01168, 0.00157, 0.00609, 0.00519, 0.00288, 0.00281, 0.00157, 0.00082], [0.08739, 0.16759, 0.30447, 0.15437, 0.08633, 0.04501, 0.04418, 0.02102, 0.02116, 0.01169, 0.01073, 0.00547, 0.006, 0.00305, 0.0057, 0.0101, 0.00562, 0.00547, 0.00305, 0.0016], [0.04487, 0.08605, 0.15632, 0.30068, 0.16815, 0.08767, 0.02268, 0.04094, 0.01086, 0.02277, 0.00551, 0.01066, 0.00308, 0.00595, 0.00293, 0.00519, 0.006, 0.01066, 0.00595, 0.00312], [0.02303, 0.04418, 0.08026, 0.15437, 0.32751, 0.17075, 0.01165, 0.07974, 0.00558, 0.04434, 0.00283, 0.02075, 0.00158, 0.01158, 0.0015, 0.00266, 0.00308, 0.00547, 0.00305, 0.00608], [0.01183, 0.02268, 0.04121, 0.07926, 0.16815, 0.33258, 0.00598, 0.1553, 0.00522, 0.08637, 0.00265, 0.04042, 0.00148, 0.02255, 0.00077, 0.00137, 0.00158, 0.00281, 0.00595, 0.01185], [0.1702, 0.08605, 0.04121, 0.02089, 0.01168, 0.00609, 0.32643, 0.00519, 0.15632, 0.00288, 0.07926, 0.00281, 0.04432, 0.00157, 0.02311, 0.01079, 0.006, 0.00281, 0.00157, 0.00082], [0.00607, 0.01165, 0.02116, 0.04069, 0.08633, 0.17075, 0.0056, 0.30249, 0.01017, 0.16822, 0.00516, 0.07873, 0.00288, 0.04393, 0.0015, 0.00146, 0.00308, 0.00547, 0.01158, 0.02308], [0.08739, 0.04418, 0.02116, 0.01073, 0.006, 0.0057, 0.16759, 0.0101, 0.30447, 0.00562, 0.15437, 0.00547, 0.08633, 0.00305, 0.04501, 0.02102, 0.01169, 0.00547, 0.00305, 0.0016], [0.00312, 0.00598, 0.01086, 0.02089, 0.04432, 0.08767, 0.00287, 0.1553, 0.00522, 0.32765, 0.00551, 0.15335, 0.00308, 0.08556, 0.00161, 0.00284, 0.006, 0.01066, 0.02255, 0.04495], [0.04487, 0.02268, 0.01086, 0.00551, 0.00308, 0.00293, 0.08605, 0.00519, 0.15632, 0.006, 0.30068, 0.01066, 0.16815, 0.00595, 0.08767, 0.04094, 0.02277, 0.01066, 0.00595, 0.00312], [0.0016, 0.00307, 0.00558, 0.01073, 0.02276, 0.04501, 0.00307, 0.07974, 0.00558, 0.16822, 0.01073, 0.29869, 0.006, 0.16665, 0.00313, 0.00554, 0.01169, 0.02075, 0.04393, 0.08755], [0.02303, 0.01165, 0.00558, 0.00283, 0.00158, 0.0015, 0.04418, 0.00266, 0.08026, 0.00308, 0.15437, 0.00547, 0.32751, 0.00305, 0.17075, 0.07974, 0.04434, 0.02075, 0.01158, 0.00608], [0.00082, 0.00158, 0.00286, 0.00551, 0.01168, 0.02311, 0.00158, 0.04094, 0.00286, 0.08637, 0.00551, 0.15335, 0.00308, 0.32459, 0.00609, 0.01079, 0.02277, 0.04042, 0.08556, 0.17053], [0.01183, 0.00598, 0.00522, 0.00265, 0.00148, 0.00077, 0.02268, 0.00137, 0.04121, 0.00158, 0.07926, 0.00281, 0.16815, 0.00595, 0.33258, 0.1553, 0.08637, 0.04042, 0.02255, 0.01185], [0.00607, 0.0056, 0.01017, 0.00516, 0.00288, 0.0015, 0.01165, 0.00146, 0.02116, 0.00308, 0.04069, 0.00547, 0.08633, 0.01158, 0.17075, 0.30249, 0.16822, 0.07873, 0.04393, 0.02308], [0.00312, 0.00287, 0.00522, 0.00551, 0.00308, 0.00161, 0.00598, 0.00284, 0.01086, 0.006, 0.02089, 0.01066, 0.04432, 0.02255, 0.08767, 0.1553, 0.32765, 0.15335, 0.08556, 0.04495], [0.0016, 0.00307, 0.00558, 0.01073, 0.006, 0.00313, 0.00307, 0.00554, 0.00558, 0.01169, 0.01073, 0.02075, 0.02276, 0.04393, 0.04501, 0.07974, 0.16822, 0.29869, 0.16665, 0.08755], [0.00082, 0.00158, 0.00286, 0.00551, 0.00308, 0.00609, 0.00158, 0.01079, 0.00286, 0.02277, 0.00551, 0.04042, 0.01168, 0.08556, 0.02311, 0.04094, 0.08637, 0.15335, 0.32459, 0.17053], [0.00042, 0.00081, 0.00147, 0.00283, 0.006, 0.01186, 0.00081, 0.02102, 0.00147, 0.04434, 0.00283, 0.07873, 0.006, 0.16665, 0.01186, 0.02102, 0.04434, 0.07873, 0.16665, 0.33215]]