[[0.78897, 0.07438, 0.00881, 0.01209, 0.07438, 0.00881, 0.00881, 0.00104, 0.01209, 0.00881, 0.00104, 0.00077], [0.09345, 0.628, 0.07438, 0.10206, 0.00881, 0.07438, 0.00104, 0.00881, 0.00143, 0.00104, 0.00012, 0.00646], [0.10206, 0.07438, 0.628, 0.09345, 0.07438, 0.00881, 0.00881, 0.00104, 0.00646, 0.00012, 0.00104, 0.00143], [0.01209, 0.00881, 0.07438, 0.78897, 0.00881, 0.07438, 0.00104, 0.00881, 0.00077, 0.00104, 0.00881, 0.01209], [0.09345, 0.00881, 0.00104, 0.00143, 0.628, 0.00104, 0.07438, 0.00012, 0.10206, 0.07438, 0.00881, 0.00646], [0.00143, 0.00104, 0.00881, 0.09345, 0.00104, 0.628, 0.00012, 0.07438, 0.00646, 0.00881, 0.07438, 0.10206], [0.10206, 0.07438, 0.00881, 0.00646, 0.07438, 0.00012, 0.628, 0.00104, 0.09345, 0.00881, 0.00104, 0.00143], [0.00646, 0.00881, 0.07438, 0.10206, 0.00012, 0.07438, 0.00104, 0.628, 0.00143, 0.00104, 0.00881, 0.09345], [0.01209, 0.00881, 0.00104, 0.00077, 0.00881, 0.00104, 0.07438, 0.00881, 0.78897, 0.07438, 0.00881, 0.01209], [0.00143, 0.00104, 0.00012, 0.00646, 0.00104, 0.00881, 0.00881, 0.07438, 0.09345, 0.628, 0.07438, 0.10206], [0.00646, 0.00012, 0.00104, 0.00143, 0.00881, 0.00104, 0.07438, 0.00881, 0.10206, 0.07438, 0.628, 0.09345], [0.00077, 0.00104, 0.00881, 0.01209, 0.00104, 0.00881, 0.00881, 0.07438, 0.01209, 0.00881, 0.07438, 0.78897]]