[[0.72085, 0.1168, 0.0187, 0.00342, 0.1168, 0.00056, 0.0187, 9e-05, 0.00342, 0.00056, 9e-05, 2e-05], [0.11758, 0.71607, 0.11463, 0.02094, 0.01905, 0.00346, 0.00305, 0.00055, 0.00056, 0.00346, 0.00055, 0.0001], [0.01918, 0.1168, 0.70277, 0.1284, 0.00311, 0.0212, 0.0005, 0.00339, 9e-05, 0.00056, 0.00339, 0.00061], [0.00348, 0.0212, 0.12753, 0.70756, 0.00056, 0.1168, 9e-05, 0.0187, 2e-05, 0.0001, 0.00062, 0.00335], [0.11758, 0.01905, 0.00305, 0.00056, 0.71607, 0.00346, 0.11463, 0.00055, 0.02094, 0.00346, 0.00055, 0.0001], [0.00057, 0.00346, 0.0208, 0.11541, 0.00346, 0.71607, 0.00055, 0.11463, 0.0001, 0.00063, 0.00377, 0.02055], [0.01918, 0.00311, 0.0005, 9e-05, 0.1168, 0.00056, 0.70277, 0.00339, 0.1284, 0.0212, 0.00339, 0.00061], [9e-05, 0.00056, 0.00339, 0.01882, 0.00056, 0.1168, 0.00339, 0.70277, 0.00062, 0.00385, 0.02314, 0.12599], [0.00348, 0.00056, 9e-05, 2e-05, 0.0212, 0.0001, 0.12753, 0.00062, 0.70756, 0.1168, 0.0187, 0.00335], [0.00057, 0.00346, 0.00055, 0.0001, 0.00346, 0.00063, 0.0208, 0.00377, 0.11541, 0.71607, 0.11463, 0.02055], [9e-05, 0.00056, 0.00339, 0.00062, 0.00056, 0.00385, 0.00339, 0.02314, 0.01882, 0.1168, 0.70277, 0.12599], [2e-05, 0.0001, 0.00062, 0.00342, 0.0001, 0.0212, 0.00062, 0.12753, 0.00342, 0.0212, 0.12753, 0.69426]]