[[0.81268, 0.06891, 0.00714, 0.00946, 0.06891, 0.00714, 0.00714, 0.00074, 0.00946, 0.00714, 0.00074, 0.00052], [0.08424, 0.66483, 0.06891, 0.09126, 0.00714, 0.06891, 0.00074, 0.00714, 0.00098, 0.00074, 8e-05, 0.00501], [0.09126, 0.06891, 0.66483, 0.08424, 0.06891, 0.00714, 0.00714, 0.00074, 0.00501, 8e-05, 0.00074, 0.00098], [0.00946, 0.00714, 0.06891, 0.81268, 0.00714, 0.06891, 0.00074, 0.00714, 0.00052, 0.00074, 0.00714, 0.00946], [0.08424, 0.00714, 0.00074, 0.00098, 0.66483, 0.00074, 0.06891, 8e-05, 0.09126, 0.06891, 0.00714, 0.00501], [0.00098, 0.00074, 0.00714, 0.08424, 0.00074, 0.66483, 8e-05, 0.06891, 0.00501, 0.00714, 0.06891, 0.09126], [0.09126, 0.06891, 0.00714, 0.00501, 0.06891, 8e-05, 0.66483, 0.00074, 0.08424, 0.00714, 0.00074, 0.00098], [0.00501, 0.00714, 0.06891, 0.09126, 8e-05, 0.06891, 0.00074, 0.66483, 0.00098, 0.00074, 0.00714, 0.08424], [0.00946, 0.00714, 0.00074, 0.00052, 0.00714, 0.00074, 0.06891, 0.00714, 0.81268, 0.06891, 0.00714, 0.00946], [0.00098, 0.00074, 8e-05, 0.00501, 0.00074, 0.00714, 0.00714, 0.06891, 0.08424, 0.66483, 0.06891, 0.09126], [0.00501, 8e-05, 0.00074, 0.00098, 0.00714, 0.00074, 0.06891, 0.00714, 0.09126, 0.06891, 0.66483, 0.08424], [0.00052, 0.00074, 0.00714, 0.00946, 0.00074, 0.00714, 0.00714, 0.06891, 0.00946, 0.00714, 0.06891, 0.81268]]