[[0.60007, 0.15094, 0.02622, 0.0066, 0.0024, 0.0024, 0.15094, 0.0066, 0.02622, 0.00246, 0.0066, 0.00166, 0.0024, 0.0006, 0.0024, 0.0066, 0.00246, 0.00166, 0.0006, 0.00015], [0.15096, 0.59998, 0.10423, 0.02622, 0.00956, 0.0024, 0.03797, 0.00166, 0.0066, 0.00062, 0.00166, 0.00042, 0.0024, 0.00015, 0.00956, 0.02623, 0.00978, 0.00659, 0.0024, 0.0006], [0.03798, 0.15094, 0.41432, 0.10422, 0.03798, 0.00956, 0.00955, 0.00166, 0.00166, 0.00062, 0.00166, 0.00042, 0.00956, 0.0006, 0.03799, 0.10427, 0.03887, 0.02619, 0.00954, 0.0024], [0.00955, 0.03797, 0.10423, 0.41428, 0.15099, 0.03799, 0.0024, 0.0066, 0.00166, 0.00246, 0.00042, 0.00042, 0.0024, 0.0024, 0.00956, 0.02623, 0.03887, 0.10409, 0.03793, 0.00954], [0.0024, 0.00955, 0.02622, 0.10422, 0.60016, 0.15099, 0.0024, 0.02623, 0.0066, 0.00978, 0.00166, 0.00166, 0.0006, 0.0006, 0.0024, 0.0066, 0.00978, 0.02619, 0.00954, 0.0024], [0.0024, 0.0024, 0.0066, 0.02622, 0.15099, 0.60016, 0.00955, 0.10427, 0.02622, 0.03887, 0.0066, 0.00659, 0.0024, 0.0024, 0.0006, 0.00166, 0.00246, 0.00659, 0.0024, 0.0006], [0.15096, 0.03797, 0.0066, 0.00166, 0.0024, 0.00956, 0.59998, 0.02623, 0.10423, 0.00978, 0.02622, 0.00659, 0.00956, 0.0024, 0.0024, 0.00166, 0.00062, 0.00042, 0.00015, 0.0006], [0.00955, 0.0024, 0.00166, 0.0066, 0.03798, 0.15099, 0.03797, 0.41448, 0.10423, 0.15452, 0.02622, 0.02619, 0.00956, 0.00954, 0.0024, 0.00042, 0.00062, 0.00166, 0.0006, 0.0024], [0.03798, 0.00955, 0.00166, 0.00166, 0.00956, 0.03799, 0.15094, 0.10427, 0.41432, 0.03887, 0.10422, 0.02619, 0.03798, 0.00954, 0.00956, 0.00166, 0.00062, 0.00042, 0.0006, 0.0024], [0.0024, 0.0006, 0.00042, 0.00166, 0.00956, 0.03799, 0.00955, 0.10427, 0.02622, 0.61419, 0.02622, 0.10409, 0.00956, 0.03793, 0.0024, 0.00042, 0.00016, 0.00042, 0.0024, 0.00954], [0.00955, 0.0024, 0.00166, 0.00042, 0.0024, 0.00956, 0.03797, 0.02623, 0.10423, 0.03887, 0.41428, 0.10409, 0.15099, 0.03793, 0.03799, 0.0066, 0.00246, 0.00042, 0.0024, 0.00954], [0.0024, 0.0006, 0.00042, 0.00042, 0.0024, 0.00956, 0.00955, 0.02623, 0.02622, 0.15452, 0.10422, 0.41373, 0.03798, 0.15076, 0.00956, 0.00166, 0.00062, 0.00166, 0.00954, 0.03793], [0.0024, 0.0024, 0.0066, 0.00166, 0.0006, 0.0024, 0.00955, 0.0066, 0.02622, 0.00978, 0.10422, 0.02619, 0.60016, 0.00954, 0.15099, 0.02623, 0.00978, 0.00166, 0.0006, 0.0024], [0.0006, 0.00015, 0.00042, 0.00166, 0.0006, 0.0024, 0.0024, 0.0066, 0.0066, 0.03887, 0.02622, 0.10409, 0.00956, 0.59924, 0.0024, 0.00042, 0.00246, 0.00659, 0.03793, 0.15078], [0.0024, 0.00955, 0.02622, 0.0066, 0.0024, 0.0006, 0.0024, 0.00166, 0.0066, 0.00246, 0.02622, 0.00659, 0.15099, 0.0024, 0.60016, 0.10427, 0.03887, 0.00659, 0.0024, 0.0006], [0.00955, 0.03797, 0.10423, 0.02622, 0.00956, 0.0024, 0.0024, 0.00042, 0.00166, 0.00062, 0.0066, 0.00166, 0.03798, 0.0006, 0.15099, 0.41448, 0.15452, 0.02619, 0.00954, 0.0024], [0.0024, 0.00955, 0.02622, 0.02622, 0.00956, 0.0024, 0.0006, 0.00042, 0.00042, 0.00016, 0.00166, 0.00042, 0.00956, 0.0024, 0.03799, 0.10427, 0.61419, 0.10409, 0.03793, 0.00954], [0.0024, 0.00955, 0.02622, 0.10422, 0.03798, 0.00956, 0.0006, 0.00166, 0.00042, 0.00062, 0.00042, 0.00166, 0.0024, 0.00954, 0.00956, 0.02623, 0.15452, 0.41373, 0.15076, 0.03793], [0.0006, 0.0024, 0.0066, 0.02622, 0.00956, 0.0024, 0.00015, 0.00042, 0.00042, 0.00246, 0.00166, 0.00659, 0.0006, 0.03793, 0.0024, 0.0066, 0.03887, 0.10409, 0.59924, 0.15078], [0.00015, 0.0006, 0.00166, 0.0066, 0.0024, 0.0006, 0.0006, 0.00166, 0.00166, 0.00978, 0.0066, 0.02619, 0.0024, 0.15076, 0.0006, 0.00166, 0.00978, 0.02619, 0.15076, 0.59934]]