[[0.44465, 0.17791, 0.02957, 0.01266, 0.01123, 0.01123, 0.17791, 0.01284, 0.02957, 0.01201, 0.01266, 0.00492, 0.01123, 0.00441, 0.01123, 0.01284, 0.01201, 0.00492, 0.00441, 0.00177], [0.1772, 0.44642, 0.07419, 0.03178, 0.02819, 0.01123, 0.0709, 0.00512, 0.01178, 0.00479, 0.00505, 0.00196, 0.01123, 0.00176, 0.02819, 0.03222, 0.03015, 0.01234, 0.01107, 0.00443], [0.07062, 0.17791, 0.18616, 0.07975, 0.07073, 0.02819, 0.02825, 0.00512, 0.01178, 0.00479, 0.00505, 0.00196, 0.02819, 0.00441, 0.07074, 0.08085, 0.07565, 0.03096, 0.02778, 0.01112], [0.02814, 0.0709, 0.07419, 0.2001, 0.17749, 0.07074, 0.01126, 0.01284, 0.0047, 0.01201, 0.00201, 0.00196, 0.01123, 0.01107, 0.02819, 0.03222, 0.07565, 0.07768, 0.06971, 0.0279], [0.01122, 0.02825, 0.02957, 0.07975, 0.44538, 0.1775, 0.01126, 0.03222, 0.01178, 0.03015, 0.00505, 0.00492, 0.00448, 0.00441, 0.01123, 0.01284, 0.03015, 0.03096, 0.02778, 0.01112], [0.01122, 0.01126, 0.01178, 0.03178, 0.17749, 0.4454, 0.02825, 0.08085, 0.02957, 0.07565, 0.01266, 0.01234, 0.01123, 0.01107, 0.00448, 0.00512, 0.01201, 0.01234, 0.01107, 0.00443], [0.1772, 0.0709, 0.01178, 0.00505, 0.01123, 0.02819, 0.44642, 0.03222, 0.07419, 0.03015, 0.03178, 0.01234, 0.02819, 0.01107, 0.01123, 0.00512, 0.00479, 0.00196, 0.00176, 0.00443], [0.02814, 0.01126, 0.0047, 0.01266, 0.07073, 0.1775, 0.0709, 0.20288, 0.07419, 0.18982, 0.03178, 0.03096, 0.02819, 0.02778, 0.01123, 0.00204, 0.00479, 0.00492, 0.00441, 0.01112], [0.07062, 0.02825, 0.01178, 0.00505, 0.02819, 0.07074, 0.17791, 0.08085, 0.18616, 0.07565, 0.07975, 0.03096, 0.07073, 0.02778, 0.02819, 0.00512, 0.00479, 0.00196, 0.00441, 0.01112], [0.01122, 0.00449, 0.00187, 0.00505, 0.02819, 0.07074, 0.02825, 0.08085, 0.02957, 0.47631, 0.03178, 0.07768, 0.02819, 0.06971, 0.01123, 0.00204, 0.00191, 0.00196, 0.01107, 0.0279], [0.02814, 0.01126, 0.0047, 0.00201, 0.01123, 0.02819, 0.0709, 0.03222, 0.07419, 0.07565, 0.2001, 0.07768, 0.17749, 0.06971, 0.07074, 0.01284, 0.01201, 0.00196, 0.01107, 0.0279], [0.01122, 0.00449, 0.00187, 0.00201, 0.01123, 0.02819, 0.02825, 0.03222, 0.02957, 0.18982, 0.07975, 0.19493, 0.07073, 0.17492, 0.02819, 0.00512, 0.00479, 0.00492, 0.02778, 0.07001], [0.01122, 0.01126, 0.01178, 0.00505, 0.00448, 0.01123, 0.02825, 0.01284, 0.02957, 0.03015, 0.07975, 0.03096, 0.44538, 0.02778, 0.1775, 0.03222, 0.03015, 0.00492, 0.00441, 0.01112], [0.00447, 0.00179, 0.00187, 0.00505, 0.00448, 0.01123, 0.01126, 0.01284, 0.01178, 0.07565, 0.03178, 0.07768, 0.02819, 0.43892, 0.01123, 0.00204, 0.01201, 0.01234, 0.06971, 0.17567], [0.01122, 0.02825, 0.02957, 0.01266, 0.01123, 0.00448, 0.01126, 0.00512, 0.01178, 0.01201, 0.03178, 0.01234, 0.17749, 0.01107, 0.4454, 0.08085, 0.07565, 0.01234, 0.01107, 0.00443], [0.02814, 0.0709, 0.07419, 0.03178, 0.02819, 0.01123, 0.01126, 0.00204, 0.0047, 0.00479, 0.01266, 0.00492, 0.07073, 0.00441, 0.1775, 0.20288, 0.18982, 0.03096, 0.02778, 0.01112], [0.01122, 0.02825, 0.02957, 0.03178, 0.02819, 0.01123, 0.00449, 0.00204, 0.00187, 0.00191, 0.00505, 0.00196, 0.02819, 0.01107, 0.07074, 0.08085, 0.47631, 0.07768, 0.06971, 0.0279], [0.01122, 0.02825, 0.02957, 0.07975, 0.07073, 0.02819, 0.00449, 0.00512, 0.00187, 0.00479, 0.00201, 0.00492, 0.01123, 0.02778, 0.02819, 0.03222, 0.18982, 0.19493, 0.17492, 0.07001], [0.00447, 0.01126, 0.01178, 0.03178, 0.02819, 0.01123, 0.00179, 0.00204, 0.00187, 0.01201, 0.00505, 0.01234, 0.00448, 0.06971, 0.01123, 0.01284, 0.07565, 0.07768, 0.43892, 0.17567], [0.00178, 0.00449, 0.0047, 0.01266, 0.01123, 0.00448, 0.00449, 0.00512, 0.0047, 0.03015, 0.01266, 0.03096, 0.01123, 0.17492, 0.00448, 0.00512, 0.03015, 0.03096, 0.17492, 0.44082]]