[[0.38424, 0.17176, 0.07469, 0.03336, 0.0156, 0.00705, 0.17176, 0.00304, 0.07469, 0.00142, 0.03336, 0.00061, 0.0156, 0.00028, 0.00705, 0.00304, 0.00142, 0.00061, 0.00028, 0.00013], [0.17265, 0.38226, 0.16623, 0.07425, 0.03472, 0.01569, 0.07718, 0.00676, 0.03356, 0.00315, 0.01499, 0.00136, 0.00701, 0.00063, 0.00317, 0.0028, 0.00131, 0.00136, 0.00063, 0.00029], [0.07758, 0.17176, 0.36996, 0.16526, 0.07727, 0.03492, 0.03468, 0.01504, 0.01508, 0.00701, 0.00674, 0.00302, 0.00315, 0.00141, 0.00292, 0.00624, 0.00291, 0.00302, 0.00141, 0.00064], [0.03486, 0.07718, 0.16623, 0.36778, 0.17196, 0.07771, 0.01558, 0.03347, 0.00678, 0.0156, 0.00303, 0.00672, 0.00142, 0.00314, 0.00131, 0.0028, 0.00315, 0.00672, 0.00314, 0.00142], [0.01566, 0.03468, 0.07469, 0.16526, 0.3827, 0.17295, 0.007, 0.07449, 0.00304, 0.03472, 0.00136, 0.01495, 0.00064, 0.00698, 0.00059, 0.00126, 0.00142, 0.00302, 0.00141, 0.00317], [0.00704, 0.01558, 0.03356, 0.07425, 0.17196, 0.38491, 0.00315, 0.16579, 0.00281, 0.07728, 0.00126, 0.03327, 0.00059, 0.01555, 0.00027, 0.00057, 0.00064, 0.00136, 0.00314, 0.00704], [0.17265, 0.07718, 0.03356, 0.01499, 0.00701, 0.00317, 0.38226, 0.0028, 0.16623, 0.00131, 0.07425, 0.00136, 0.03472, 0.00063, 0.01569, 0.00676, 0.00315, 0.00136, 0.00063, 0.00029], [0.00316, 0.007, 0.01508, 0.03336, 0.07727, 0.17295, 0.0029, 0.36897, 0.00626, 0.17199, 0.00279, 0.07405, 0.00131, 0.0346, 0.00059, 0.00061, 0.00142, 0.00302, 0.00698, 0.01568], [0.07758, 0.03468, 0.01508, 0.00674, 0.00315, 0.00292, 0.17176, 0.00624, 0.36996, 0.00291, 0.16526, 0.00302, 0.07727, 0.00141, 0.03492, 0.01504, 0.00701, 0.00302, 0.00141, 0.00064], [0.00142, 0.00315, 0.00678, 0.01499, 0.03472, 0.07771, 0.0013, 0.16579, 0.00281, 0.38277, 0.00303, 0.16481, 0.00142, 0.077, 0.00064, 0.00136, 0.00315, 0.00672, 0.01555, 0.03489], [0.03486, 0.01558, 0.00678, 0.00303, 0.00142, 0.00131, 0.07718, 0.0028, 0.16623, 0.00315, 0.36778, 0.00672, 0.17196, 0.00314, 0.07771, 0.03347, 0.0156, 0.00672, 0.00314, 0.00142], [0.00064, 0.00141, 0.00304, 0.00674, 0.0156, 0.03492, 0.00141, 0.07449, 0.00304, 0.17199, 0.00674, 0.36679, 0.00315, 0.17136, 0.00142, 0.00304, 0.00701, 0.01495, 0.0346, 0.07765], [0.01566, 0.007, 0.00304, 0.00136, 0.00064, 0.00059, 0.03468, 0.00126, 0.07469, 0.00142, 0.16526, 0.00302, 0.3827, 0.00141, 0.17295, 0.07449, 0.03472, 0.01495, 0.00698, 0.00317], [0.00029, 0.00064, 0.00137, 0.00303, 0.00701, 0.01569, 0.00064, 0.03347, 0.00137, 0.07728, 0.00303, 0.16481, 0.00142, 0.38136, 0.00317, 0.00676, 0.0156, 0.03327, 0.077, 0.17281], [0.00704, 0.00315, 0.00281, 0.00126, 0.00059, 0.00027, 0.01558, 0.00057, 0.03356, 0.00064, 0.07425, 0.00136, 0.17196, 0.00314, 0.38491, 0.16579, 0.07728, 0.03327, 0.01555, 0.00704], [0.00316, 0.0029, 0.00626, 0.00279, 0.00131, 0.00059, 0.007, 0.00061, 0.01508, 0.00142, 0.03336, 0.00302, 0.07727, 0.00698, 0.17295, 0.36897, 0.17199, 0.07405, 0.0346, 0.01568], [0.00142, 0.0013, 0.00281, 0.00303, 0.00142, 0.00064, 0.00315, 0.00136, 0.00678, 0.00315, 0.01499, 0.00672, 0.03472, 0.01555, 0.07771, 0.16579, 0.38277, 0.16481, 0.077, 0.03489], [0.00064, 0.00141, 0.00304, 0.00674, 0.00315, 0.00142, 0.00141, 0.00304, 0.00304, 0.00701, 0.00674, 0.01495, 0.0156, 0.0346, 0.03492, 0.07449, 0.17199, 0.36679, 0.17136, 0.07765], [0.00029, 0.00064, 0.00137, 0.00303, 0.00142, 0.00317, 0.00064, 0.00676, 0.00137, 0.0156, 0.00303, 0.03327, 0.00701, 0.077, 0.01569, 0.03347, 0.07728, 0.16481, 0.38136, 0.17281], [0.00013, 0.00029, 0.00061, 0.00136, 0.00315, 0.00705, 0.00029, 0.01504, 0.00061, 0.03472, 0.00136, 0.07405, 0.00315, 0.17136, 0.00705, 0.01504, 0.03472, 0.07405, 0.17136, 0.3846]]