[[0.83401, 0.06341, 0.00575, 0.00738, 0.06341, 0.00575, 0.00575, 0.00052, 0.00738, 0.00575, 0.00052, 0.00035], [0.07566, 0.69903, 0.06341, 0.08134, 0.00575, 0.06341, 0.00052, 0.00575, 0.00067, 0.00052, 5e-05, 0.00388], [0.08134, 0.06341, 0.69903, 0.07566, 0.06341, 0.00575, 0.00575, 0.00052, 0.00388, 5e-05, 0.00052, 0.00067], [0.00738, 0.00575, 0.06341, 0.83401, 0.00575, 0.06341, 0.00052, 0.00575, 0.00035, 0.00052, 0.00575, 0.00738], [0.07566, 0.00575, 0.00052, 0.00067, 0.69903, 0.00052, 0.06341, 5e-05, 0.08134, 0.06341, 0.00575, 0.00388], [0.00067, 0.00052, 0.00575, 0.07566, 0.00052, 0.69903, 5e-05, 0.06341, 0.00388, 0.00575, 0.06341, 0.08134], [0.08134, 0.06341, 0.00575, 0.00388, 0.06341, 5e-05, 0.69903, 0.00052, 0.07566, 0.00575, 0.00052, 0.00067], [0.00388, 0.00575, 0.06341, 0.08134, 5e-05, 0.06341, 0.00052, 0.69903, 0.00067, 0.00052, 0.00575, 0.07566], [0.00738, 0.00575, 0.00052, 0.00035, 0.00575, 0.00052, 0.06341, 0.00575, 0.83401, 0.06341, 0.00575, 0.00738], [0.00067, 0.00052, 5e-05, 0.00388, 0.00052, 0.00575, 0.00575, 0.06341, 0.07566, 0.69903, 0.06341, 0.08134], [0.00388, 5e-05, 0.00052, 0.00067, 0.00575, 0.00052, 0.06341, 0.00575, 0.08134, 0.06341, 0.69903, 0.07566], [0.00035, 0.00052, 0.00575, 0.00738, 0.00052, 0.00575, 0.00575, 0.06341, 0.00738, 0.00575, 0.06341, 0.83401]]