[[0.59854, 0.14909, 0.0374, 0.01072, 0.14909, 0.00273, 0.0374, 0.00069, 0.01072, 0.00273, 0.00069, 0.00019], [0.15362, 0.58088, 0.14573, 0.04178, 0.03827, 0.01064, 0.0096, 0.00267, 0.00275, 0.01064, 0.00267, 0.00075], [0.03943, 0.14909, 0.56781, 0.16278, 0.00982, 0.04145, 0.00246, 0.0104, 0.00071, 0.00273, 0.0104, 0.00291], [0.01096, 0.04145, 0.15787, 0.58547, 0.00273, 0.14909, 0.00069, 0.0374, 0.0002, 0.00076, 0.00289, 0.01048], [0.15362, 0.03827, 0.0096, 0.00275, 0.58088, 0.01064, 0.14573, 0.00267, 0.04178, 0.01064, 0.00267, 0.00075], [0.00281, 0.01064, 0.04052, 0.15027, 0.01064, 0.58088, 0.00267, 0.14573, 0.00077, 0.00296, 0.01127, 0.04085], [0.03943, 0.00982, 0.00246, 0.00071, 0.14909, 0.00273, 0.56781, 0.0104, 0.16278, 0.04145, 0.0104, 0.00291], [0.00072, 0.00273, 0.0104, 0.03857, 0.00273, 0.14909, 0.0104, 0.56781, 0.00298, 0.01153, 0.04389, 0.15915], [0.01096, 0.00273, 0.00069, 0.0002, 0.04145, 0.00076, 0.15787, 0.00289, 0.58547, 0.14909, 0.0374, 0.01048], [0.00281, 0.01064, 0.00267, 0.00077, 0.01064, 0.00296, 0.04052, 0.01127, 0.15027, 0.58088, 0.14573, 0.04085], [0.00072, 0.00273, 0.0104, 0.00298, 0.00273, 0.01153, 0.0104, 0.04389, 0.03857, 0.14909, 0.56781, 0.15915], [0.0002, 0.00076, 0.00289, 0.01072, 0.00076, 0.04145, 0.00289, 0.15787, 0.01072, 0.04145, 0.15787, 0.5724]]