[[0.71631, 0.10062, 0.01813, 0.00314, 0.0007, 0.10062, 0.01374, 0.00314, 0.01813, 0.01374, 0.00253, 0.00043, 0.00057, 0.00314, 0.00043, 0.0001, 0.0007, 0.00314, 0.00057, 0.0001, 2e-05], [0.12657, 0.56947, 0.10261, 0.01778, 0.00395, 0.01778, 0.01374, 0.00314, 0.01813, 0.07779, 0.01431, 0.00243, 0.00057, 0.00314, 0.00243, 0.00056, 0.00395, 0.01778, 0.0032, 0.00056, 0.00012], [0.02236, 0.10062, 0.58069, 0.10062, 0.02236, 0.01778, 0.07779, 0.01778, 0.0032, 0.01374, 0.01431, 0.01374, 0.0032, 0.00056, 0.00243, 0.00056, 0.0007, 0.00314, 0.00057, 0.00314, 0.0007], [0.00395, 0.01778, 0.10261, 0.56947, 0.12657, 0.00314, 0.01374, 0.01778, 0.00057, 0.00243, 0.01431, 0.07779, 0.01813, 0.00056, 0.00243, 0.00314, 0.00012, 0.00056, 0.0032, 0.01778, 0.00395], [0.0007, 0.00314, 0.01813, 0.10062, 0.71631, 0.00314, 0.01374, 0.10062, 0.00057, 0.00043, 0.00253, 0.01374, 0.01813, 0.0001, 0.00043, 0.00314, 2e-05, 0.0001, 0.00057, 0.00314, 0.0007], [0.12657, 0.01778, 0.01813, 0.00314, 0.00395, 0.56947, 0.07779, 0.01778, 0.10261, 0.01374, 0.01431, 0.00243, 0.0032, 0.01778, 0.00243, 0.00056, 0.00395, 0.00314, 0.00057, 0.00056, 0.00012], [0.02236, 0.01778, 0.10261, 0.01778, 0.02236, 0.10062, 0.44023, 0.10062, 0.01813, 0.01374, 0.08098, 0.01374, 0.01813, 0.00314, 0.01374, 0.00314, 0.0007, 0.00314, 0.0032, 0.00314, 0.0007], [0.00395, 0.00314, 0.01813, 0.01778, 0.12657, 0.01778, 0.07779, 0.56947, 0.0032, 0.00243, 0.01431, 0.01374, 0.10261, 0.00056, 0.00243, 0.01778, 0.00012, 0.00056, 0.00057, 0.00314, 0.00395], [0.02236, 0.01778, 0.0032, 0.00056, 0.0007, 0.10062, 0.01374, 0.00314, 0.58069, 0.07779, 0.01431, 0.00243, 0.00057, 0.10062, 0.01374, 0.00314, 0.02236, 0.01778, 0.0032, 0.00056, 0.0007], [0.02236, 0.10062, 0.01813, 0.00314, 0.0007, 0.01778, 0.01374, 0.00314, 0.10261, 0.44023, 0.08098, 0.01374, 0.0032, 0.01778, 0.01374, 0.00314, 0.02236, 0.10062, 0.01813, 0.00314, 0.0007], [0.00395, 0.01778, 0.01813, 0.01778, 0.00395, 0.01778, 0.07779, 0.01778, 0.01813, 0.07779, 0.4583, 0.07779, 0.01813, 0.01778, 0.07779, 0.01778, 0.00395, 0.01778, 0.01813, 0.01778, 0.00395], [0.0007, 0.00314, 0.01813, 0.10062, 0.02236, 0.00314, 0.01374, 0.01778, 0.0032, 0.01374, 0.08098, 0.44023, 0.10261, 0.00314, 0.01374, 0.01778, 0.0007, 0.00314, 0.01813, 0.10062, 0.02236], [0.0007, 0.00056, 0.0032, 0.01778, 0.02236, 0.00314, 0.01374, 0.10062, 0.00057, 0.00243, 0.01431, 0.07779, 0.58069, 0.00314, 0.01374, 0.10062, 0.0007, 0.00056, 0.0032, 0.01778, 0.02236], [0.00395, 0.00314, 0.00057, 0.00056, 0.00012, 0.01778, 0.00243, 0.00056, 0.10261, 0.01374, 0.01431, 0.00243, 0.0032, 0.56947, 0.07779, 0.01778, 0.12657, 0.01778, 0.01813, 0.00314, 0.00395], [0.0007, 0.00314, 0.0032, 0.00314, 0.0007, 0.00314, 0.01374, 0.00314, 0.01813, 0.01374, 0.08098, 0.01374, 0.01813, 0.10062, 0.44023, 0.10062, 0.02236, 0.01778, 0.10261, 0.01778, 0.02236], [0.00012, 0.00056, 0.00057, 0.00314, 0.00395, 0.00056, 0.00243, 0.01778, 0.0032, 0.00243, 0.01431, 0.01374, 0.10261, 0.01778, 0.07779, 0.56947, 0.00395, 0.00314, 0.01813, 0.01778, 0.12657], [0.0007, 0.00314, 0.00057, 0.0001, 2e-05, 0.00314, 0.00043, 0.0001, 0.01813, 0.01374, 0.00253, 0.00043, 0.00057, 0.10062, 0.01374, 0.00314, 0.71631, 0.10062, 0.01813, 0.00314, 0.0007], [0.00395, 0.01778, 0.0032, 0.00056, 0.00012, 0.00314, 0.00243, 0.00056, 0.01813, 0.07779, 0.01431, 0.00243, 0.00057, 0.01778, 0.01374, 0.00314, 0.12657, 0.56947, 0.10261, 0.01778, 0.00395], [0.0007, 0.00314, 0.00057, 0.00314, 0.0007, 0.00056, 0.00243, 0.00056, 0.0032, 0.01374, 0.01431, 0.01374, 0.0032, 0.01778, 0.07779, 0.01778, 0.02236, 0.10062, 0.58069, 0.10062, 0.02236], [0.00012, 0.00056, 0.0032, 0.01778, 0.00395, 0.00056, 0.00243, 0.00314, 0.00057, 0.00243, 0.01431, 0.07779, 0.01813, 0.00314, 0.01374, 0.01778, 0.00395, 0.01778, 0.10261, 0.56947, 0.12657], [2e-05, 0.0001, 0.00057, 0.00314, 0.0007, 0.0001, 0.00043, 0.00314, 0.00057, 0.00043, 0.00253, 0.01374, 0.01813, 0.00314, 0.01374, 0.10062, 0.0007, 0.00314, 0.01813, 0.10062, 0.71631]]