[[0.63051, 0.0637, 0.02958, 0.01012, 0.0159, 0.0637, 0.03725, 0.01012, 0.02958, 0.03725, 0.00918, 0.00592, 0.0047, 0.01012, 0.00592, 0.00161, 0.0159, 0.01012, 0.0047, 0.00161, 0.00253], [0.25127, 0.15985, 0.07423, 0.02539, 0.03991, 0.0637, 0.09346, 0.01012, 0.02958, 0.09346, 0.02304, 0.01484, 0.0047, 0.01012, 0.01484, 0.00403, 0.03991, 0.02539, 0.01179, 0.00403, 0.00634], [0.10014, 0.0637, 0.18626, 0.0637, 0.10014, 0.02539, 0.23453, 0.02539, 0.01179, 0.03725, 0.02304, 0.03725, 0.01179, 0.00403, 0.01484, 0.00403, 0.0159, 0.01012, 0.0047, 0.01012, 0.0159], [0.03991, 0.02539, 0.07423, 0.15985, 0.25127, 0.01012, 0.09346, 0.0637, 0.0047, 0.01484, 0.02304, 0.09346, 0.02958, 0.00403, 0.01484, 0.01012, 0.00634, 0.00403, 0.01179, 0.02539, 0.03991], [0.0159, 0.01012, 0.02958, 0.0637, 0.63051, 0.01012, 0.03725, 0.0637, 0.0047, 0.00592, 0.00918, 0.03725, 0.02958, 0.00161, 0.00592, 0.01012, 0.00253, 0.00161, 0.0047, 0.01012, 0.0159], [0.25127, 0.0637, 0.02958, 0.01012, 0.03991, 0.15985, 0.09346, 0.02539, 0.07423, 0.09346, 0.02304, 0.01484, 0.01179, 0.02539, 0.01484, 0.00403, 0.03991, 0.01012, 0.0047, 0.00403, 0.00634], [0.10014, 0.02539, 0.07423, 0.02539, 0.10014, 0.0637, 0.23453, 0.0637, 0.02958, 0.03725, 0.05783, 0.03725, 0.02958, 0.01012, 0.03725, 0.01012, 0.0159, 0.01012, 0.01179, 0.01012, 0.0159], [0.03991, 0.01012, 0.02958, 0.0637, 0.25127, 0.02539, 0.09346, 0.15985, 0.01179, 0.01484, 0.02304, 0.09346, 0.07423, 0.00403, 0.01484, 0.02539, 0.00634, 0.00403, 0.0047, 0.01012, 0.03991], [0.10014, 0.02539, 0.01179, 0.00403, 0.0159, 0.0637, 0.03725, 0.01012, 0.18626, 0.23453, 0.02304, 0.01484, 0.0047, 0.0637, 0.03725, 0.01012, 0.10014, 0.02539, 0.01179, 0.00403, 0.0159], [0.10014, 0.0637, 0.02958, 0.01012, 0.0159, 0.02539, 0.03725, 0.01012, 0.07423, 0.23453, 0.05783, 0.03725, 0.01179, 0.02539, 0.03725, 0.01012, 0.10014, 0.0637, 0.02958, 0.01012, 0.0159], [0.03991, 0.02539, 0.02958, 0.02539, 0.03991, 0.02539, 0.09346, 0.02539, 0.02958, 0.09346, 0.1451, 0.09346, 0.02958, 0.02539, 0.09346, 0.02539, 0.03991, 0.02539, 0.02958, 0.02539, 0.03991], [0.0159, 0.01012, 0.02958, 0.0637, 0.10014, 0.01012, 0.03725, 0.02539, 0.01179, 0.03725, 0.05783, 0.23453, 0.07423, 0.01012, 0.03725, 0.02539, 0.0159, 0.01012, 0.02958, 0.0637, 0.10014], [0.0159, 0.00403, 0.01179, 0.02539, 0.10014, 0.01012, 0.03725, 0.0637, 0.0047, 0.01484, 0.02304, 0.23453, 0.18626, 0.01012, 0.03725, 0.0637, 0.0159, 0.00403, 0.01179, 0.02539, 0.10014], [0.03991, 0.01012, 0.0047, 0.00403, 0.00634, 0.02539, 0.01484, 0.00403, 0.07423, 0.09346, 0.02304, 0.01484, 0.01179, 0.15985, 0.09346, 0.02539, 0.25127, 0.0637, 0.02958, 0.01012, 0.03991], [0.0159, 0.01012, 0.01179, 0.01012, 0.0159, 0.01012, 0.03725, 0.01012, 0.02958, 0.03725, 0.05783, 0.03725, 0.02958, 0.0637, 0.23453, 0.0637, 0.10014, 0.02539, 0.07423, 0.02539, 0.10014], [0.00634, 0.00403, 0.0047, 0.01012, 0.03991, 0.00403, 0.01484, 0.02539, 0.01179, 0.01484, 0.02304, 0.09346, 0.07423, 0.02539, 0.09346, 0.15985, 0.03991, 0.01012, 0.02958, 0.0637, 0.25127], [0.0159, 0.01012, 0.0047, 0.00161, 0.00253, 0.01012, 0.00592, 0.00161, 0.02958, 0.03725, 0.00918, 0.00592, 0.0047, 0.0637, 0.03725, 0.01012, 0.63051, 0.0637, 0.02958, 0.01012, 0.0159], [0.03991, 0.02539, 0.01179, 0.00403, 0.00634, 0.01012, 0.01484, 0.00403, 0.02958, 0.09346, 0.02304, 0.01484, 0.0047, 0.0637, 0.09346, 0.01012, 0.25127, 0.15985, 0.07423, 0.02539, 0.03991], [0.0159, 0.01012, 0.0047, 0.01012, 0.0159, 0.00403, 0.01484, 0.00403, 0.01179, 0.03725, 0.02304, 0.03725, 0.01179, 0.02539, 0.23453, 0.02539, 0.10014, 0.0637, 0.18626, 0.0637, 0.10014], [0.00634, 0.00403, 0.01179, 0.02539, 0.03991, 0.00403, 0.01484, 0.01012, 0.0047, 0.01484, 0.02304, 0.09346, 0.02958, 0.01012, 0.09346, 0.0637, 0.03991, 0.02539, 0.07423, 0.15985, 0.25127], [0.00253, 0.00161, 0.0047, 0.01012, 0.0159, 0.00161, 0.00592, 0.01012, 0.0047, 0.00592, 0.00918, 0.03725, 0.02958, 0.01012, 0.03725, 0.0637, 0.0159, 0.01012, 0.02958, 0.0637, 0.63051]]