[[0.7616, 0.10307, 0.01395, 0.00189, 0.00026, 3e-05, 0.10307, 0, 0.01395, 0, 0.00189, 0, 0.00026, 0, 3e-05, 0, 0, 0, 0, 0], [0.10307, 0.7616, 0.10307, 0.01395, 0.00189, 0.00026, 0.01395, 3e-05, 0.00189, 0, 0.00026, 0, 3e-05, 0, 0, 0, 0, 0, 0, 0], [0.01395, 0.10307, 0.76156, 0.10306, 0.01395, 0.00189, 0.00189, 0.00026, 0.00026, 3e-05, 3e-05, 0, 0, 0, 0, 3e-05, 0, 0, 0, 0], [0.00189, 0.01395, 0.10307, 0.76155, 0.10307, 0.01395, 0.00026, 0.00189, 3e-05, 0.00026, 0, 3e-05, 0, 0, 0, 0, 0, 3e-05, 0, 0], [0.00026, 0.00189, 0.01395, 0.10306, 0.7616, 0.10307, 3e-05, 0.01395, 0, 0.00189, 0, 0.00026, 0, 3e-05, 0, 0, 0, 0, 0, 0], [3e-05, 0.00026, 0.00189, 0.01395, 0.10307, 0.7616, 0, 0.10307, 0, 0.01395, 0, 0.00189, 0, 0.00026, 0, 0, 0, 0, 0, 3e-05], [0.10307, 0.01395, 0.00189, 0.00026, 3e-05, 0, 0.7616, 0, 0.10307, 0, 0.01395, 0, 0.00189, 0, 0.00026, 3e-05, 0, 0, 0, 0], [0, 3e-05, 0.00026, 0.00189, 0.01395, 0.10307, 0, 0.76156, 3e-05, 0.10307, 0, 0.01395, 0, 0.00189, 0, 0, 0, 0, 3e-05, 0.00026], [0.01395, 0.00189, 0.00026, 3e-05, 0, 0, 0.10307, 3e-05, 0.76156, 0, 0.10306, 0, 0.01395, 0, 0.00189, 0.00026, 3e-05, 0, 0, 0], [0, 0, 3e-05, 0.00026, 0.00189, 0.01395, 0, 0.10307, 0, 0.7616, 0, 0.10306, 0, 0.01395, 0, 0, 0, 3e-05, 0.00026, 0.00189], [0.00189, 0.00026, 3e-05, 0, 0, 0, 0.01395, 0, 0.10307, 0, 0.76155, 3e-05, 0.10307, 0, 0.01395, 0.00189, 0.00026, 3e-05, 0, 0], [0, 0, 0, 3e-05, 0.00026, 0.00189, 0, 0.01395, 0, 0.10307, 3e-05, 0.76155, 0, 0.10307, 0, 0, 3e-05, 0.00026, 0.00189, 0.01395], [0.00026, 3e-05, 0, 0, 0, 0, 0.00189, 0, 0.01395, 0, 0.10306, 0, 0.7616, 0, 0.10307, 0.01395, 0.00189, 0.00026, 3e-05, 0], [0, 0, 0, 0, 3e-05, 0.00026, 0, 0.00189, 0, 0.01395, 0, 0.10306, 0, 0.76159, 0, 3e-05, 0.00026, 0.00189, 0.01395, 0.10307], [3e-05, 0, 0, 0, 0, 0, 0.00026, 0, 0.00189, 0, 0.01395, 0, 0.10307, 0, 0.7616, 0.10307, 0.01395, 0.00189, 0.00026, 3e-05], [0, 0, 3e-05, 0, 0, 0, 3e-05, 0, 0.00026, 0, 0.00189, 0, 0.01395, 3e-05, 0.10307, 0.76156, 0.10307, 0.01395, 0.00189, 0.00026], [0, 0, 0, 0, 0, 0, 0, 0, 3e-05, 0, 0.00026, 3e-05, 0.00189, 0.00026, 0.01395, 0.10307, 0.7616, 0.10306, 0.01395, 0.00189], [0, 0, 0, 3e-05, 0, 0, 0, 0, 0, 3e-05, 3e-05, 0.00026, 0.00026, 0.00189, 0.00189, 0.01395, 0.10307, 0.76155, 0.10307, 0.01395], [0, 0, 0, 0, 0, 0, 0, 3e-05, 0, 0.00026, 0, 0.00189, 3e-05, 0.01395, 0.00026, 0.00189, 0.01395, 0.10306, 0.76159, 0.10307], [0, 0, 0, 0, 0, 3e-05, 0, 0.00026, 0, 0.00189, 0, 0.01395, 0, 0.10307, 3e-05, 0.00026, 0.00189, 0.01395, 0.10307, 0.7616]]