[[0.63017, 0.09521, 0.02307, 0.03787, 0.09521, 0.02116, 0.02307, 0.00507, 0.03787, 0.02116, 0.00507, 0.00507], [0.14538, 0.41272, 0.10002, 0.16414, 0.02196, 0.09173, 0.00532, 0.02196, 0.00874, 0.00488, 0.00117, 0.02197], [0.16547, 0.09521, 0.43358, 0.14421, 0.09521, 0.02116, 0.02307, 0.00507, 0.00202, 0.00113, 0.00507, 0.00881], [0.03817, 0.02196, 0.10002, 0.6251, 0.02196, 0.09173, 0.00532, 0.02196, 0.00874, 0.00488, 0.02196, 0.03817], [0.14538, 0.02196, 0.00532, 0.00874, 0.41272, 0.00488, 0.10002, 0.00117, 0.16414, 0.09173, 0.02196, 0.02197], [0.00881, 0.00507, 0.02307, 0.14421, 0.00507, 0.39763, 0.00123, 0.09521, 0.03787, 0.02116, 0.09521, 0.16547], [0.16547, 0.09521, 0.02307, 0.00202, 0.09521, 0.00113, 0.43358, 0.00507, 0.14421, 0.02116, 0.00507, 0.00881], [0.02197, 0.02196, 0.10002, 0.16414, 0.00117, 0.09173, 0.00532, 0.41272, 0.00874, 0.00488, 0.02196, 0.14538], [0.03817, 0.02196, 0.00532, 0.00874, 0.02196, 0.00488, 0.10002, 0.02196, 0.6251, 0.09173, 0.02196, 0.03817], [0.00881, 0.00507, 0.00123, 0.03787, 0.00507, 0.02116, 0.02307, 0.09521, 0.14421, 0.39763, 0.09521, 0.16547], [0.02197, 0.00117, 0.00532, 0.00874, 0.02196, 0.00488, 0.10002, 0.02196, 0.16414, 0.09173, 0.41272, 0.14538], [0.00507, 0.00507, 0.02307, 0.03787, 0.00507, 0.02116, 0.02307, 0.09521, 0.03787, 0.02116, 0.09521, 0.63017]]