[[0.53934, 0.16344, 0.0303, 0.00918, 0.00456, 0.00456, 0.16344, 0.0092, 0.0303, 0.00473, 0.00918, 0.00278, 0.00456, 0.00138, 0.00456, 0.0092, 0.00473, 0.00278, 0.00138, 0.00042], [0.16353, 0.53904, 0.09992, 0.03028, 0.01504, 0.00456, 0.04956, 0.00279, 0.00919, 0.00143, 0.00278, 0.00084, 0.00456, 0.00042, 0.01504, 0.03034, 0.01561, 0.00916, 0.00454, 0.00138], [0.04958, 0.16344, 0.32953, 0.09987, 0.0496, 0.01504, 0.01503, 0.00279, 0.00279, 0.00143, 0.00278, 0.00084, 0.01504, 0.00138, 0.0496, 0.10005, 0.05147, 0.03019, 0.01498, 0.00455], [0.01503, 0.04956, 0.09992, 0.32939, 0.1636, 0.0496, 0.00456, 0.0092, 0.00279, 0.00473, 0.00084, 0.00084, 0.00456, 0.00454, 0.01504, 0.03034, 0.05147, 0.09958, 0.04942, 0.01499], [0.00456, 0.01503, 0.0303, 0.09987, 0.53955, 0.1636, 0.00456, 0.03034, 0.00919, 0.01561, 0.00278, 0.00278, 0.00138, 0.00138, 0.00456, 0.0092, 0.01561, 0.03019, 0.01498, 0.00455], [0.00456, 0.00456, 0.00919, 0.03028, 0.1636, 0.53956, 0.01503, 0.10005, 0.0303, 0.05147, 0.00918, 0.00916, 0.00456, 0.00454, 0.00138, 0.00279, 0.00473, 0.00916, 0.00454, 0.00138], [0.16353, 0.04956, 0.00919, 0.00278, 0.00456, 0.01504, 0.53904, 0.03034, 0.09992, 0.01561, 0.03028, 0.00916, 0.01504, 0.00454, 0.00456, 0.00279, 0.00143, 0.00084, 0.00042, 0.00138], [0.01503, 0.00456, 0.00279, 0.00918, 0.0496, 0.1636, 0.04956, 0.32997, 0.09992, 0.16976, 0.03028, 0.03019, 0.01504, 0.01498, 0.00456, 0.00085, 0.00143, 0.00278, 0.00138, 0.00455], [0.04958, 0.01503, 0.00279, 0.00278, 0.01504, 0.0496, 0.16344, 0.10005, 0.32953, 0.05147, 0.09987, 0.03019, 0.0496, 0.01498, 0.01504, 0.00279, 0.00143, 0.00084, 0.00138, 0.00455], [0.00456, 0.00138, 0.00084, 0.00278, 0.01504, 0.0496, 0.01503, 0.10005, 0.0303, 0.55988, 0.03028, 0.09958, 0.01504, 0.04942, 0.00456, 0.00085, 0.00044, 0.00084, 0.00454, 0.01499], [0.01503, 0.00456, 0.00279, 0.00084, 0.00456, 0.01504, 0.04956, 0.03034, 0.09992, 0.05147, 0.32939, 0.09958, 0.1636, 0.04942, 0.0496, 0.0092, 0.00473, 0.00084, 0.00454, 0.01499], [0.00456, 0.00138, 0.00084, 0.00084, 0.00456, 0.01504, 0.01503, 0.03034, 0.0303, 0.16976, 0.09987, 0.32842, 0.0496, 0.16298, 0.01504, 0.00279, 0.00143, 0.00278, 0.01498, 0.04945], [0.00456, 0.00456, 0.00919, 0.00278, 0.00138, 0.00456, 0.01503, 0.0092, 0.0303, 0.01561, 0.09987, 0.03019, 0.53955, 0.01498, 0.1636, 0.03034, 0.01561, 0.00278, 0.00138, 0.00455], [0.00138, 0.00042, 0.00084, 0.00278, 0.00138, 0.00456, 0.00456, 0.0092, 0.00919, 0.05147, 0.03028, 0.09958, 0.01504, 0.53752, 0.00456, 0.00085, 0.00473, 0.00916, 0.04942, 0.16308], [0.00456, 0.01503, 0.0303, 0.00918, 0.00456, 0.00138, 0.00456, 0.00279, 0.00919, 0.00473, 0.03028, 0.00916, 0.1636, 0.00454, 0.53956, 0.10005, 0.05147, 0.00916, 0.00454, 0.00138], [0.01503, 0.04956, 0.09992, 0.03028, 0.01504, 0.00456, 0.00456, 0.00085, 0.00279, 0.00143, 0.00918, 0.00278, 0.0496, 0.00138, 0.1636, 0.32997, 0.16976, 0.03019, 0.01498, 0.00455], [0.00456, 0.01503, 0.0303, 0.03028, 0.01504, 0.00456, 0.00138, 0.00085, 0.00084, 0.00044, 0.00278, 0.00084, 0.01504, 0.00454, 0.0496, 0.10005, 0.55988, 0.09958, 0.04942, 0.01499], [0.00456, 0.01503, 0.0303, 0.09987, 0.0496, 0.01504, 0.00138, 0.00279, 0.00084, 0.00143, 0.00084, 0.00278, 0.00456, 0.01498, 0.01504, 0.03034, 0.16976, 0.32842, 0.16298, 0.04945], [0.00138, 0.00456, 0.00919, 0.03028, 0.01504, 0.00456, 0.00042, 0.00085, 0.00084, 0.00473, 0.00278, 0.00916, 0.00138, 0.04942, 0.00456, 0.0092, 0.05147, 0.09958, 0.53752, 0.16308], [0.00042, 0.00138, 0.00279, 0.00918, 0.00456, 0.00138, 0.00138, 0.00279, 0.00279, 0.01561, 0.00918, 0.03019, 0.00456, 0.16298, 0.00138, 0.00279, 0.01561, 0.03019, 0.16298, 0.53786]]