[[0.6692, 0.06901, 0.04374, 0.00626, 0.00551, 0.06901, 0.02401, 0.00626, 0.04374, 0.02401, 0.00729, 0.00218, 0.00397, 0.00626, 0.00218, 0.00057, 0.00551, 0.00626, 0.00397, 0.00057, 0.0005], [0.20156, 0.22912, 0.14524, 0.02079, 0.01828, 0.06901, 0.07972, 0.00626, 0.04374, 0.07972, 0.0242, 0.00723, 0.00397, 0.00626, 0.00723, 0.00189, 0.01828, 0.02079, 0.01318, 0.00189, 0.00166], [0.06071, 0.06901, 0.4822, 0.06901, 0.06071, 0.02079, 0.07972, 0.02079, 0.01318, 0.02401, 0.0242, 0.02401, 0.01318, 0.00189, 0.00723, 0.00189, 0.00551, 0.00626, 0.00397, 0.00626, 0.00551], [0.01828, 0.02079, 0.14524, 0.22912, 0.20156, 0.00626, 0.07972, 0.06901, 0.00397, 0.00723, 0.0242, 0.07972, 0.04374, 0.00189, 0.00723, 0.00626, 0.00166, 0.00189, 0.01318, 0.02079, 0.01828], [0.00551, 0.00626, 0.04374, 0.06901, 0.6692, 0.00626, 0.02401, 0.06901, 0.00397, 0.00218, 0.00729, 0.02401, 0.04374, 0.00057, 0.00218, 0.00626, 0.0005, 0.00057, 0.00397, 0.00626, 0.00551], [0.20156, 0.06901, 0.04374, 0.00626, 0.01828, 0.22912, 0.07972, 0.02079, 0.14524, 0.07972, 0.0242, 0.00723, 0.01318, 0.02079, 0.00723, 0.00189, 0.01828, 0.00626, 0.00397, 0.00189, 0.00166], [0.06071, 0.02079, 0.14524, 0.02079, 0.06071, 0.06901, 0.26467, 0.06901, 0.04374, 0.02401, 0.08034, 0.02401, 0.04374, 0.00626, 0.02401, 0.00626, 0.00551, 0.00626, 0.01318, 0.00626, 0.00551], [0.01828, 0.00626, 0.04374, 0.06901, 0.20156, 0.02079, 0.07972, 0.22912, 0.01318, 0.00723, 0.0242, 0.07972, 0.14524, 0.00189, 0.00723, 0.02079, 0.00166, 0.00189, 0.00397, 0.00626, 0.01828], [0.06071, 0.02079, 0.01318, 0.00189, 0.00551, 0.06901, 0.02401, 0.00626, 0.4822, 0.07972, 0.0242, 0.00723, 0.00397, 0.06901, 0.02401, 0.00626, 0.06071, 0.02079, 0.01318, 0.00189, 0.00551], [0.06071, 0.06901, 0.04374, 0.00626, 0.00551, 0.02079, 0.02401, 0.00626, 0.14524, 0.26467, 0.08034, 0.02401, 0.01318, 0.02079, 0.02401, 0.00626, 0.06071, 0.06901, 0.04374, 0.00626, 0.00551], [0.01828, 0.02079, 0.04374, 0.02079, 0.01828, 0.02079, 0.07972, 0.02079, 0.04374, 0.07972, 0.26674, 0.07972, 0.04374, 0.02079, 0.07972, 0.02079, 0.01828, 0.02079, 0.04374, 0.02079, 0.01828], [0.00551, 0.00626, 0.04374, 0.06901, 0.06071, 0.00626, 0.02401, 0.02079, 0.01318, 0.02401, 0.08034, 0.26467, 0.14524, 0.00626, 0.02401, 0.02079, 0.00551, 0.00626, 0.04374, 0.06901, 0.06071], [0.00551, 0.00189, 0.01318, 0.02079, 0.06071, 0.00626, 0.02401, 0.06901, 0.00397, 0.00723, 0.0242, 0.07972, 0.4822, 0.00626, 0.02401, 0.06901, 0.00551, 0.00189, 0.01318, 0.02079, 0.06071], [0.01828, 0.00626, 0.00397, 0.00189, 0.00166, 0.02079, 0.00723, 0.00189, 0.14524, 0.07972, 0.0242, 0.00723, 0.01318, 0.22912, 0.07972, 0.02079, 0.20156, 0.06901, 0.04374, 0.00626, 0.01828], [0.00551, 0.00626, 0.01318, 0.00626, 0.00551, 0.00626, 0.02401, 0.00626, 0.04374, 0.02401, 0.08034, 0.02401, 0.04374, 0.06901, 0.26467, 0.06901, 0.06071, 0.02079, 0.14524, 0.02079, 0.06071], [0.00166, 0.00189, 0.00397, 0.00626, 0.01828, 0.00189, 0.00723, 0.02079, 0.01318, 0.00723, 0.0242, 0.07972, 0.14524, 0.02079, 0.07972, 0.22912, 0.01828, 0.00626, 0.04374, 0.06901, 0.20156], [0.00551, 0.00626, 0.00397, 0.00057, 0.0005, 0.00626, 0.00218, 0.00057, 0.04374, 0.02401, 0.00729, 0.00218, 0.00397, 0.06901, 0.02401, 0.00626, 0.6692, 0.06901, 0.04374, 0.00626, 0.00551], [0.01828, 0.02079, 0.01318, 0.00189, 0.00166, 0.00626, 0.00723, 0.00189, 0.04374, 0.07972, 0.0242, 0.00723, 0.00397, 0.06901, 0.07972, 0.00626, 0.20156, 0.22912, 0.14524, 0.02079, 0.01828], [0.00551, 0.00626, 0.00397, 0.00626, 0.00551, 0.00189, 0.00723, 0.00189, 0.01318, 0.02401, 0.0242, 0.02401, 0.01318, 0.02079, 0.07972, 0.02079, 0.06071, 0.06901, 0.4822, 0.06901, 0.06071], [0.00166, 0.00189, 0.01318, 0.02079, 0.01828, 0.00189, 0.00723, 0.00626, 0.00397, 0.00723, 0.0242, 0.07972, 0.04374, 0.00626, 0.07972, 0.06901, 0.01828, 0.02079, 0.14524, 0.22912, 0.20156], [0.0005, 0.00057, 0.00397, 0.00626, 0.00551, 0.00057, 0.00218, 0.00626, 0.00397, 0.00218, 0.00729, 0.02401, 0.04374, 0.00626, 0.02401, 0.06901, 0.00551, 0.00626, 0.04374, 0.06901, 0.6692]]