[[0.85313, 0.058, 0.0046, 0.00574, 0.058, 0.0046, 0.0046, 0.00037, 0.00574, 0.0046, 0.00037, 0.00024], [0.06773, 0.73055, 0.058, 0.07229, 0.0046, 0.058, 0.00037, 0.0046, 0.00046, 0.00037, 3e-05, 0.003], [0.07229, 0.058, 0.73055, 0.06773, 0.058, 0.0046, 0.0046, 0.00037, 0.003, 3e-05, 0.00037, 0.00046], [0.00574, 0.0046, 0.058, 0.85313, 0.0046, 0.058, 0.00037, 0.0046, 0.00024, 0.00037, 0.0046, 0.00574], [0.06773, 0.0046, 0.00037, 0.00046, 0.73055, 0.00037, 0.058, 3e-05, 0.07229, 0.058, 0.0046, 0.003], [0.00046, 0.00037, 0.0046, 0.06773, 0.00037, 0.73055, 3e-05, 0.058, 0.003, 0.0046, 0.058, 0.07229], [0.07229, 0.058, 0.0046, 0.003, 0.058, 3e-05, 0.73055, 0.00037, 0.06773, 0.0046, 0.00037, 0.00046], [0.003, 0.0046, 0.058, 0.07229, 3e-05, 0.058, 0.00037, 0.73055, 0.00046, 0.00037, 0.0046, 0.06773], [0.00574, 0.0046, 0.00037, 0.00024, 0.0046, 0.00037, 0.058, 0.0046, 0.85313, 0.058, 0.0046, 0.00574], [0.00046, 0.00037, 3e-05, 0.003, 0.00037, 0.0046, 0.0046, 0.058, 0.06773, 0.73055, 0.058, 0.07229], [0.003, 3e-05, 0.00037, 0.00046, 0.0046, 0.00037, 0.058, 0.0046, 0.07229, 0.058, 0.73055, 0.06773], [0.00024, 0.00037, 0.0046, 0.00574, 0.00037, 0.0046, 0.0046, 0.058, 0.00574, 0.0046, 0.058, 0.85313]]