[[0.63729, 0.11078, 0.02966, 0.00701, 0.00255, 0.11078, 0.01816, 0.00701, 0.02966, 0.01816, 0.00524, 0.00115, 0.00188, 0.00701, 0.00115, 0.00044, 0.00255, 0.00701, 0.00188, 0.00044, 0.00016], [0.16033, 0.44036, 0.11791, 0.02787, 0.01015, 0.02787, 0.01816, 0.00701, 0.02966, 0.07218, 0.02083, 0.00457, 0.00188, 0.00701, 0.00457, 0.00176, 0.01015, 0.02787, 0.00746, 0.00176, 0.00064], [0.04034, 0.11078, 0.46867, 0.11078, 0.04034, 0.02787, 0.07218, 0.02787, 0.00746, 0.01816, 0.02083, 0.01816, 0.00746, 0.00176, 0.00457, 0.00176, 0.00255, 0.00701, 0.00188, 0.00701, 0.00255], [0.01015, 0.02787, 0.11791, 0.44036, 0.16033, 0.00701, 0.01816, 0.02787, 0.00188, 0.00457, 0.02083, 0.07218, 0.02966, 0.00176, 0.00457, 0.00701, 0.00064, 0.00176, 0.00746, 0.02787, 0.01015], [0.00255, 0.00701, 0.02966, 0.11078, 0.63729, 0.00701, 0.01816, 0.11078, 0.00188, 0.00115, 0.00524, 0.01816, 0.02966, 0.00044, 0.00115, 0.00701, 0.00016, 0.00044, 0.00188, 0.00701, 0.00255], [0.16033, 0.02787, 0.02966, 0.00701, 0.01015, 0.44036, 0.07218, 0.02787, 0.11791, 0.01816, 0.02083, 0.00457, 0.00746, 0.02787, 0.00457, 0.00176, 0.01015, 0.00701, 0.00188, 0.00176, 0.00064], [0.04034, 0.02787, 0.11791, 0.02787, 0.04034, 0.11078, 0.28691, 0.11078, 0.02966, 0.01816, 0.08279, 0.01816, 0.02966, 0.00701, 0.01816, 0.00701, 0.00255, 0.00701, 0.00746, 0.00701, 0.00255], [0.01015, 0.00701, 0.02966, 0.02787, 0.16033, 0.02787, 0.07218, 0.44036, 0.00746, 0.00457, 0.02083, 0.01816, 0.11791, 0.00176, 0.00457, 0.02787, 0.00064, 0.00176, 0.00188, 0.00701, 0.01015], [0.04034, 0.02787, 0.00746, 0.00176, 0.00255, 0.11078, 0.01816, 0.00701, 0.46867, 0.07218, 0.02083, 0.00457, 0.00188, 0.11078, 0.01816, 0.00701, 0.04034, 0.02787, 0.00746, 0.00176, 0.00255], [0.04034, 0.11078, 0.02966, 0.00701, 0.00255, 0.02787, 0.01816, 0.00701, 0.11791, 0.28691, 0.08279, 0.01816, 0.00746, 0.02787, 0.01816, 0.00701, 0.04034, 0.11078, 0.02966, 0.00701, 0.00255], [0.01015, 0.02787, 0.02966, 0.02787, 0.01015, 0.02787, 0.07218, 0.02787, 0.02966, 0.07218, 0.32907, 0.07218, 0.02966, 0.02787, 0.07218, 0.02787, 0.01015, 0.02787, 0.02966, 0.02787, 0.01015], [0.00255, 0.00701, 0.02966, 0.11078, 0.04034, 0.00701, 0.01816, 0.02787, 0.00746, 0.01816, 0.08279, 0.28691, 0.11791, 0.00701, 0.01816, 0.02787, 0.00255, 0.00701, 0.02966, 0.11078, 0.04034], [0.00255, 0.00176, 0.00746, 0.02787, 0.04034, 0.00701, 0.01816, 0.11078, 0.00188, 0.00457, 0.02083, 0.07218, 0.46867, 0.00701, 0.01816, 0.11078, 0.00255, 0.00176, 0.00746, 0.02787, 0.04034], [0.01015, 0.00701, 0.00188, 0.00176, 0.00064, 0.02787, 0.00457, 0.00176, 0.11791, 0.01816, 0.02083, 0.00457, 0.00746, 0.44036, 0.07218, 0.02787, 0.16033, 0.02787, 0.02966, 0.00701, 0.01015], [0.00255, 0.00701, 0.00746, 0.00701, 0.00255, 0.00701, 0.01816, 0.00701, 0.02966, 0.01816, 0.08279, 0.01816, 0.02966, 0.11078, 0.28691, 0.11078, 0.04034, 0.02787, 0.11791, 0.02787, 0.04034], [0.00064, 0.00176, 0.00188, 0.00701, 0.01015, 0.00176, 0.00457, 0.02787, 0.00746, 0.00457, 0.02083, 0.01816, 0.11791, 0.02787, 0.07218, 0.44036, 0.01015, 0.00701, 0.02966, 0.02787, 0.16033], [0.00255, 0.00701, 0.00188, 0.00044, 0.00016, 0.00701, 0.00115, 0.00044, 0.02966, 0.01816, 0.00524, 0.00115, 0.00188, 0.11078, 0.01816, 0.00701, 0.63729, 0.11078, 0.02966, 0.00701, 0.00255], [0.01015, 0.02787, 0.00746, 0.00176, 0.00064, 0.00701, 0.00457, 0.00176, 0.02966, 0.07218, 0.02083, 0.00457, 0.00188, 0.02787, 0.01816, 0.00701, 0.16033, 0.44036, 0.11791, 0.02787, 0.01015], [0.00255, 0.00701, 0.00188, 0.00701, 0.00255, 0.00176, 0.00457, 0.00176, 0.00746, 0.01816, 0.02083, 0.01816, 0.00746, 0.02787, 0.07218, 0.02787, 0.04034, 0.11078, 0.46867, 0.11078, 0.04034], [0.00064, 0.00176, 0.00746, 0.02787, 0.01015, 0.00176, 0.00457, 0.00701, 0.00188, 0.00457, 0.02083, 0.07218, 0.02966, 0.00701, 0.01816, 0.02787, 0.01015, 0.02787, 0.11791, 0.44036, 0.16033], [0.00016, 0.00044, 0.00188, 0.00701, 0.00255, 0.00044, 0.00115, 0.00701, 0.00188, 0.00115, 0.00524, 0.01816, 0.02966, 0.00701, 0.01816, 0.11078, 0.00255, 0.00701, 0.02966, 0.11078, 0.63729]]