[[0.86529, 0.05041, 0.00202, 0.00202, 0.00031, 0.00042, 0.05041, 0.00395, 0.00202, 0.00202, 0.00202, 0.00202, 0.00031, 0.00395, 0.00042, 0.00395, 0.00202, 0.00202, 0.00395, 0.00042], [0.06787, 0.64272, 0.0258, 0.0258, 0.00395, 0.00042, 0.05041, 0.00395, 0.00202, 0.00202, 0.00202, 0.00202, 0.00395, 0.05041, 0.00532, 0.05041, 0.0258, 0.0258, 0.00395, 0.00532], [0.00532, 0.05041, 0.3289, 0.3289, 0.00395, 0.00042, 0.00395, 0.00395, 0.0258, 0.0258, 0.0258, 0.0258, 0.00395, 0.00395, 0.00532, 0.05041, 0.0258, 0.0258, 0.05041, 0.00532], [0.00042, 0.00395, 0.3289, 0.3289, 0.05041, 0.00532, 0.00395, 0.00395, 0.0258, 0.0258, 0.0258, 0.0258, 0.00395, 0.00395, 0.00532, 0.05041, 0.0258, 0.0258, 0.05041, 0.00532], [0.00042, 0.00395, 0.0258, 0.0258, 0.64272, 0.06787, 0.00395, 0.05041, 0.00202, 0.00202, 0.00202, 0.00202, 0.05041, 0.00395, 0.00532, 0.00395, 0.0258, 0.0258, 0.05041, 0.00532], [0.00042, 0.00031, 0.00202, 0.00202, 0.05041, 0.86529, 0.00395, 0.05041, 0.00202, 0.00202, 0.00202, 0.00202, 0.00395, 0.00031, 0.00042, 0.00395, 0.00202, 0.00202, 0.00395, 0.00042], [0.06787, 0.05041, 0.00202, 0.00202, 0.00395, 0.00532, 0.64272, 0.05041, 0.0258, 0.0258, 0.0258, 0.0258, 0.00395, 0.00395, 0.00042, 0.00395, 0.00202, 0.00202, 0.05041, 0.00532], [0.00532, 0.00395, 0.00202, 0.00202, 0.05041, 0.06787, 0.05041, 0.64272, 0.0258, 0.0258, 0.0258, 0.0258, 0.00395, 0.00395, 0.00532, 0.05041, 0.00202, 0.00202, 0.00395, 0.00042], [0.00532, 0.00395, 0.0258, 0.0258, 0.00395, 0.00532, 0.05041, 0.05041, 0.3289, 0.0258, 0.3289, 0.0258, 0.00395, 0.05041, 0.00042, 0.00395, 0.0258, 0.0258, 0.00395, 0.00532], [0.00532, 0.00395, 0.0258, 0.0258, 0.00395, 0.00532, 0.05041, 0.05041, 0.0258, 0.3289, 0.0258, 0.3289, 0.05041, 0.00395, 0.00532, 0.00395, 0.0258, 0.0258, 0.00395, 0.00042], [0.00042, 0.00395, 0.0258, 0.0258, 0.00395, 0.00532, 0.00395, 0.05041, 0.3289, 0.0258, 0.3289, 0.0258, 0.05041, 0.05041, 0.00532, 0.00395, 0.0258, 0.0258, 0.00395, 0.00532], [0.00532, 0.00395, 0.0258, 0.0258, 0.00395, 0.00042, 0.05041, 0.00395, 0.0258, 0.3289, 0.0258, 0.3289, 0.05041, 0.05041, 0.00532, 0.00395, 0.0258, 0.0258, 0.00395, 0.00532], [0.00042, 0.00395, 0.00202, 0.00202, 0.05041, 0.00532, 0.00395, 0.00395, 0.0258, 0.0258, 0.0258, 0.0258, 0.64272, 0.05041, 0.06787, 0.05041, 0.00202, 0.00202, 0.00395, 0.00532], [0.00532, 0.05041, 0.00202, 0.00202, 0.00395, 0.00042, 0.00395, 0.00395, 0.0258, 0.0258, 0.0258, 0.0258, 0.05041, 0.64272, 0.00532, 0.00395, 0.00202, 0.00202, 0.05041, 0.06787], [0.00042, 0.00395, 0.00202, 0.00202, 0.00395, 0.00042, 0.00031, 0.00395, 0.00202, 0.00202, 0.00202, 0.00202, 0.05041, 0.00395, 0.86529, 0.05041, 0.00202, 0.00202, 0.00031, 0.00042], [0.00532, 0.05041, 0.0258, 0.0258, 0.00395, 0.00532, 0.00395, 0.05041, 0.00202, 0.00202, 0.00202, 0.00202, 0.05041, 0.00395, 0.06787, 0.64272, 0.0258, 0.0258, 0.00395, 0.00042], [0.00532, 0.05041, 0.0258, 0.0258, 0.05041, 0.00532, 0.00395, 0.00395, 0.0258, 0.0258, 0.0258, 0.0258, 0.00395, 0.00395, 0.00532, 0.05041, 0.3289, 0.3289, 0.00395, 0.00042], [0.00532, 0.05041, 0.0258, 0.0258, 0.05041, 0.00532, 0.00395, 0.00395, 0.0258, 0.0258, 0.0258, 0.0258, 0.00395, 0.00395, 0.00042, 0.00395, 0.3289, 0.3289, 0.05041, 0.00532], [0.00532, 0.00395, 0.0258, 0.0258, 0.05041, 0.00532, 0.05041, 0.00395, 0.00202, 0.00202, 0.00202, 0.00202, 0.00395, 0.05041, 0.00042, 0.00395, 0.0258, 0.0258, 0.64272, 0.06787], [0.00042, 0.00395, 0.00202, 0.00202, 0.00395, 0.00042, 0.00395, 0.00031, 0.00202, 0.00202, 0.00202, 0.00202, 0.00395, 0.05041, 0.00042, 0.00031, 0.00202, 0.00202, 0.05041, 0.86529]]