[[0.54492, 0.10349, 0.02728, 0.04338, 0.10349, 0.02728, 0.02728, 0.00719, 0.04338, 0.02728, 0.00719, 0.03786], [0.14364, 0.39259, 0.10349, 0.16456, 0.02728, 0.10349, 0.00719, 0.02728, 0.01143, 0.00719, 0.0019, 0.00998], [0.16456, 0.10349, 0.39259, 0.14364, 0.10349, 0.02728, 0.02728, 0.00719, 0.00998, 0.0019, 0.00719, 0.01143], [0.04338, 0.02728, 0.10349, 0.54492, 0.02728, 0.10349, 0.00719, 0.02728, 0.03786, 0.00719, 0.02728, 0.04338], [0.14364, 0.02728, 0.00719, 0.01143, 0.39259, 0.00719, 0.10349, 0.0019, 0.16456, 0.10349, 0.02728, 0.00998], [0.01143, 0.00719, 0.02728, 0.14364, 0.00719, 0.39259, 0.0019, 0.10349, 0.00998, 0.02728, 0.10349, 0.16456], [0.16456, 0.10349, 0.02728, 0.00998, 0.10349, 0.0019, 0.39259, 0.00719, 0.14364, 0.02728, 0.00719, 0.01143], [0.00998, 0.02728, 0.10349, 0.16456, 0.0019, 0.10349, 0.00719, 0.39259, 0.01143, 0.00719, 0.02728, 0.14364], [0.04338, 0.02728, 0.00719, 0.03786, 0.02728, 0.00719, 0.10349, 0.02728, 0.54492, 0.10349, 0.02728, 0.04338], [0.01143, 0.00719, 0.0019, 0.00998, 0.00719, 0.02728, 0.02728, 0.10349, 0.14364, 0.39259, 0.10349, 0.16456], [0.00998, 0.0019, 0.00719, 0.01143, 0.02728, 0.00719, 0.10349, 0.02728, 0.16456, 0.10349, 0.39259, 0.14364], [0.03786, 0.00719, 0.02728, 0.04338, 0.00719, 0.02728, 0.02728, 0.10349, 0.04338, 0.02728, 0.10349, 0.54492]]