[[0.48866, 0.16808, 0.05742, 0.01973, 0.00685, 0.00236, 0.16808, 0.00081, 0.05742, 0.00028, 0.01973, 0.0001, 0.00685, 3e-05, 0.00236, 0.00081, 0.00028, 0.0001, 3e-05, 1e-05], [0.16818, 0.48839, 0.16685, 0.05734, 0.01991, 0.00686, 0.05785, 0.00234, 0.01976, 0.00081, 0.00679, 0.00028, 0.00236, 0.0001, 0.00081, 0.00072, 0.00025, 0.00028, 0.0001, 3e-05], [0.05788, 0.16808, 0.4848, 0.16662, 0.05785, 0.01993, 0.01991, 0.0068, 0.0068, 0.00236, 0.00234, 0.0008, 0.00081, 0.00028, 0.00073, 0.0021, 0.00073, 0.0008, 0.00028, 0.0001], [0.01992, 0.05785, 0.16685, 0.48414, 0.16811, 0.0579, 0.00685, 0.01975, 0.00234, 0.00685, 0.0008, 0.00234, 0.00028, 0.00081, 0.00025, 0.00072, 0.00081, 0.00234, 0.00081, 0.00028], [0.00686, 0.01991, 0.05742, 0.16662, 0.48846, 0.16824, 0.00236, 0.0574, 0.00081, 0.01991, 0.00028, 0.00679, 0.0001, 0.00236, 9e-05, 0.00025, 0.00028, 0.0008, 0.00028, 0.00081], [0.00236, 0.00685, 0.01976, 0.05734, 0.16811, 0.48885, 0.00081, 0.16677, 0.00072, 0.05786, 0.00025, 0.01973, 9e-05, 0.00685, 3e-05, 9e-05, 0.0001, 0.00028, 0.00081, 0.00236], [0.16818, 0.05785, 0.01976, 0.00679, 0.00236, 0.00081, 0.48839, 0.00072, 0.16685, 0.00025, 0.05734, 0.00028, 0.01991, 0.0001, 0.00686, 0.00234, 0.00081, 0.00028, 0.0001, 3e-05], [0.00081, 0.00236, 0.0068, 0.01973, 0.05785, 0.16824, 0.00073, 0.48459, 0.0021, 0.16811, 0.00072, 0.05732, 0.00025, 0.0199, 9e-05, 0.0001, 0.00028, 0.0008, 0.00236, 0.00686], [0.05788, 0.01991, 0.0068, 0.00234, 0.00081, 0.00073, 0.16808, 0.0021, 0.4848, 0.00073, 0.16662, 0.0008, 0.05785, 0.00028, 0.01993, 0.0068, 0.00236, 0.0008, 0.00028, 0.0001], [0.00028, 0.00081, 0.00234, 0.00679, 0.01991, 0.0579, 0.00025, 0.16677, 0.00072, 0.48847, 0.0008, 0.16654, 0.00028, 0.05782, 0.0001, 0.00028, 0.00081, 0.00234, 0.00685, 0.01992], [0.01992, 0.00685, 0.00234, 0.0008, 0.00028, 0.00025, 0.05785, 0.00072, 0.16685, 0.00081, 0.48414, 0.00234, 0.16811, 0.00081, 0.0579, 0.01975, 0.00685, 0.00234, 0.00081, 0.00028], [0.0001, 0.00028, 0.00081, 0.00234, 0.00685, 0.01993, 0.00028, 0.0574, 0.00081, 0.16811, 0.00234, 0.48393, 0.00081, 0.16802, 0.00028, 0.00081, 0.00236, 0.00679, 0.0199, 0.05789], [0.00686, 0.00236, 0.00081, 0.00028, 0.0001, 9e-05, 0.01991, 0.00025, 0.05742, 0.00028, 0.16662, 0.0008, 0.48846, 0.00028, 0.16824, 0.0574, 0.01991, 0.00679, 0.00236, 0.00081], [3e-05, 0.0001, 0.00028, 0.0008, 0.00236, 0.00686, 0.0001, 0.01975, 0.00028, 0.05786, 0.0008, 0.16654, 0.00028, 0.4882, 0.00081, 0.00234, 0.00685, 0.01973, 0.05782, 0.1682], [0.00236, 0.00081, 0.00072, 0.00025, 9e-05, 3e-05, 0.00685, 9e-05, 0.01976, 0.0001, 0.05734, 0.00028, 0.16811, 0.00081, 0.48885, 0.16677, 0.05786, 0.01973, 0.00685, 0.00236], [0.00081, 0.00073, 0.0021, 0.00072, 0.00025, 9e-05, 0.00236, 0.0001, 0.0068, 0.00028, 0.01973, 0.0008, 0.05785, 0.00236, 0.16824, 0.48459, 0.16811, 0.05732, 0.0199, 0.00686], [0.00028, 0.00025, 0.00072, 0.0008, 0.00028, 0.0001, 0.00081, 0.00028, 0.00234, 0.00081, 0.00679, 0.00234, 0.01991, 0.00685, 0.0579, 0.16677, 0.48847, 0.16654, 0.05782, 0.01992], [0.0001, 0.00028, 0.00081, 0.00234, 0.00081, 0.00028, 0.00028, 0.00081, 0.00081, 0.00236, 0.00234, 0.00679, 0.00685, 0.0199, 0.01993, 0.0574, 0.16811, 0.48393, 0.16802, 0.05789], [3e-05, 0.0001, 0.00028, 0.0008, 0.00028, 0.00081, 0.0001, 0.00234, 0.00028, 0.00685, 0.0008, 0.01973, 0.00236, 0.05782, 0.00686, 0.01975, 0.05786, 0.16654, 0.4882, 0.1682], [1e-05, 3e-05, 0.0001, 0.00028, 0.00081, 0.00236, 3e-05, 0.0068, 0.0001, 0.01991, 0.00028, 0.05732, 0.00081, 0.16802, 0.00236, 0.0068, 0.01991, 0.05732, 0.16802, 0.48875]]