[[0.58459, 0.15362, 0.00705, 0.00186, 0.01271, 0.01315, 0.15362, 0.01271, 0.00705, 0.00186, 0.00186, 0.00049, 0.01271, 0.00335, 0.01315, 0.01271, 0.00186, 0.00049, 0.00335, 0.00181], [0.1541, 0.58278, 0.02673, 0.00705, 0.04822, 0.0499, 0.04049, 0.04822, 0.00186, 0.00705, 0.00049, 0.00186, 0.00335, 0.01271, 0.00347, 0.00335, 0.00049, 0.00013, 0.00088, 0.00687], [0.04062, 0.15362, 0.10142, 0.02673, 0.18293, 0.18931, 0.01067, 0.18293, 0.00049, 0.02673, 0.00013, 0.00705, 0.00088, 0.04822, 0.00091, 0.00088, 0.00013, 3e-05, 0.00023, 0.02606], [0.18931, 0.18293, 0.02673, 0.10142, 0.15362, 0.04062, 0.18293, 0.01067, 0.02673, 0.00049, 0.00705, 0.00013, 0.04822, 0.00088, 0.02606, 0.00023, 3e-05, 0.00013, 0.00088, 0.00091], [0.0499, 0.04822, 0.00705, 0.02673, 0.58278, 0.1541, 0.04822, 0.04049, 0.00705, 0.00186, 0.00186, 0.00049, 0.01271, 0.00335, 0.00687, 0.00088, 0.00013, 0.00049, 0.00335, 0.00347], [0.01315, 0.01271, 0.00186, 0.00705, 0.15362, 0.58459, 0.01271, 0.15362, 0.00186, 0.00705, 0.00049, 0.00186, 0.00335, 0.01271, 0.00181, 0.00335, 0.00049, 0.00186, 0.01271, 0.01315], [0.1541, 0.04049, 0.00186, 0.00049, 0.00335, 0.00347, 0.58278, 0.00335, 0.02673, 0.00049, 0.00705, 0.00013, 0.04822, 0.00088, 0.0499, 0.04822, 0.00705, 0.00186, 0.01271, 0.00687], [0.00347, 0.00335, 0.00049, 0.00186, 0.04049, 0.1541, 0.00335, 0.58278, 0.00049, 0.02673, 0.00013, 0.00705, 0.00088, 0.04822, 0.00687, 0.01271, 0.00186, 0.00705, 0.04822, 0.0499], [0.04062, 0.01067, 0.00049, 0.00013, 0.00088, 0.00091, 0.15362, 0.00088, 0.10142, 0.00013, 0.02673, 3e-05, 0.18293, 0.00023, 0.18931, 0.18293, 0.02673, 0.00705, 0.04822, 0.02606], [0.00091, 0.00088, 0.00013, 0.00049, 0.01067, 0.04062, 0.00088, 0.15362, 0.00013, 0.10142, 3e-05, 0.02673, 0.00023, 0.18293, 0.02606, 0.04822, 0.00705, 0.02673, 0.18293, 0.18931], [0.18931, 0.18293, 0.02673, 0.00705, 0.04822, 0.02606, 0.18293, 0.00023, 0.02673, 3e-05, 0.10142, 0.00013, 0.15362, 0.00088, 0.04062, 0.01067, 0.00049, 0.00013, 0.00088, 0.00091], [0.02606, 0.04822, 0.00705, 0.02673, 0.18293, 0.18931, 0.00023, 0.18293, 3e-05, 0.02673, 0.00013, 0.10142, 0.00088, 0.15362, 0.00091, 0.00088, 0.00013, 0.00049, 0.01067, 0.04062], [0.0499, 0.04822, 0.00705, 0.00186, 0.01271, 0.00687, 0.04822, 0.00088, 0.00705, 0.00013, 0.02673, 0.00049, 0.58278, 0.00335, 0.1541, 0.04049, 0.00186, 0.00049, 0.00335, 0.00347], [0.00687, 0.01271, 0.00186, 0.00705, 0.04822, 0.0499, 0.00088, 0.04822, 0.00013, 0.00705, 0.00049, 0.02673, 0.00335, 0.58278, 0.00347, 0.00335, 0.00049, 0.00186, 0.04049, 0.1541], [0.01315, 0.01271, 0.00186, 0.00049, 0.00335, 0.00181, 0.01271, 0.00335, 0.00186, 0.00049, 0.00705, 0.00186, 0.15362, 0.01271, 0.58459, 0.15362, 0.00705, 0.00186, 0.01271, 0.01315], [0.00347, 0.00335, 0.00049, 0.00013, 0.00088, 0.00687, 0.00335, 0.01271, 0.00049, 0.00186, 0.00186, 0.00705, 0.04049, 0.04822, 0.1541, 0.58278, 0.02673, 0.00705, 0.04822, 0.0499], [0.00091, 0.00088, 0.00013, 3e-05, 0.00023, 0.02606, 0.00088, 0.04822, 0.00013, 0.00705, 0.00049, 0.02673, 0.01067, 0.18293, 0.04062, 0.15362, 0.10142, 0.02673, 0.18293, 0.18931], [0.02606, 0.00023, 3e-05, 0.00013, 0.00088, 0.00091, 0.04822, 0.00088, 0.00705, 0.00013, 0.02673, 0.00049, 0.18293, 0.01067, 0.18931, 0.18293, 0.02673, 0.10142, 0.15362, 0.04062], [0.00687, 0.00088, 0.00013, 0.00049, 0.00335, 0.00347, 0.01271, 0.00335, 0.00186, 0.00049, 0.00705, 0.00186, 0.04822, 0.04049, 0.0499, 0.04822, 0.00705, 0.02673, 0.58278, 0.1541], [0.00181, 0.00335, 0.00049, 0.00186, 0.01271, 0.01315, 0.00335, 0.01271, 0.00049, 0.00186, 0.00186, 0.00705, 0.01271, 0.15362, 0.01315, 0.01271, 0.00186, 0.00705, 0.15362, 0.58459]]