[[0.84776, 0.02816, 0.03225, 0.00303, 0.00025, 0.00071, 0.02816, 0.00265, 0.03225, 0.00303, 0.00303, 0.00303, 0.00025, 0.00265, 0.00071, 0.00265, 0.00303, 0.00303, 0.00265, 0.00071], [0.07976, 0.29936, 0.34278, 0.03225, 0.00265, 0.00071, 0.02816, 0.00265, 0.03225, 0.00303, 0.00303, 0.03225, 0.00265, 0.02816, 0.0075, 0.02816, 0.03225, 0.03225, 0.00265, 0.0075], [0.0075, 0.02816, 0.34278, 0.34278, 0.00265, 0.00071, 0.00265, 0.00265, 0.03225, 0.03225, 0.03225, 0.03225, 0.00265, 0.00265, 0.0075, 0.02816, 0.03225, 0.03225, 0.02816, 0.0075], [0.00071, 0.00265, 0.34278, 0.34278, 0.02816, 0.0075, 0.00265, 0.00265, 0.03225, 0.03225, 0.03225, 0.03225, 0.00265, 0.00265, 0.0075, 0.02816, 0.03225, 0.03225, 0.02816, 0.0075], [0.00071, 0.00265, 0.03225, 0.34278, 0.29936, 0.07976, 0.00265, 0.02816, 0.00303, 0.03225, 0.03225, 0.00303, 0.02816, 0.00265, 0.0075, 0.00265, 0.03225, 0.03225, 0.02816, 0.0075], [0.00071, 0.00025, 0.00303, 0.03225, 0.02816, 0.84776, 0.00265, 0.02816, 0.00303, 0.03225, 0.00303, 0.00303, 0.00265, 0.00025, 0.00071, 0.00265, 0.00303, 0.00303, 0.00265, 0.00071], [0.07976, 0.02816, 0.03225, 0.00303, 0.00265, 0.0075, 0.29936, 0.02816, 0.34278, 0.03225, 0.03225, 0.03225, 0.00265, 0.00265, 0.00071, 0.00265, 0.00303, 0.03225, 0.02816, 0.0075], [0.0075, 0.00265, 0.00303, 0.03225, 0.02816, 0.07976, 0.02816, 0.29936, 0.03225, 0.34278, 0.03225, 0.03225, 0.00265, 0.00265, 0.0075, 0.02816, 0.03225, 0.00303, 0.00265, 0.00071], [0.0075, 0.00265, 0.03225, 0.03225, 0.00265, 0.0075, 0.02816, 0.02816, 0.34278, 0.03225, 0.34278, 0.03225, 0.00265, 0.02816, 0.00071, 0.00265, 0.03225, 0.03225, 0.00265, 0.0075], [0.0075, 0.00265, 0.03225, 0.03225, 0.00265, 0.0075, 0.02816, 0.02816, 0.03225, 0.34278, 0.03225, 0.34278, 0.02816, 0.00265, 0.0075, 0.00265, 0.03225, 0.03225, 0.00265, 0.00071], [0.00071, 0.00265, 0.03225, 0.03225, 0.00265, 0.0075, 0.00265, 0.02816, 0.34278, 0.03225, 0.34278, 0.03225, 0.02816, 0.02816, 0.0075, 0.00265, 0.03225, 0.03225, 0.00265, 0.0075], [0.0075, 0.00265, 0.03225, 0.03225, 0.00265, 0.00071, 0.02816, 0.00265, 0.03225, 0.34278, 0.03225, 0.34278, 0.02816, 0.02816, 0.0075, 0.00265, 0.03225, 0.03225, 0.00265, 0.0075], [0.00071, 0.00265, 0.00303, 0.03225, 0.02816, 0.0075, 0.00265, 0.00265, 0.03225, 0.03225, 0.34278, 0.03225, 0.29936, 0.02816, 0.07976, 0.02816, 0.03225, 0.00303, 0.00265, 0.0075], [0.0075, 0.02816, 0.03225, 0.00303, 0.00265, 0.00071, 0.00265, 0.00265, 0.03225, 0.03225, 0.03225, 0.34278, 0.02816, 0.29936, 0.0075, 0.00265, 0.00303, 0.03225, 0.02816, 0.07976], [0.00071, 0.00265, 0.00303, 0.00303, 0.00265, 0.00071, 0.00025, 0.00265, 0.00303, 0.00303, 0.03225, 0.00303, 0.02816, 0.00265, 0.84776, 0.02816, 0.03225, 0.00303, 0.00025, 0.00071], [0.0075, 0.02816, 0.03225, 0.03225, 0.00265, 0.0075, 0.00265, 0.02816, 0.00303, 0.03225, 0.03225, 0.00303, 0.02816, 0.00265, 0.07976, 0.29936, 0.34278, 0.03225, 0.00265, 0.00071], [0.0075, 0.02816, 0.03225, 0.03225, 0.02816, 0.0075, 0.00265, 0.00265, 0.03225, 0.03225, 0.03225, 0.03225, 0.00265, 0.00265, 0.0075, 0.02816, 0.34278, 0.34278, 0.00265, 0.00071], [0.0075, 0.02816, 0.03225, 0.03225, 0.02816, 0.0075, 0.00265, 0.00265, 0.03225, 0.03225, 0.03225, 0.03225, 0.00265, 0.00265, 0.00071, 0.00265, 0.34278, 0.34278, 0.02816, 0.0075], [0.0075, 0.00265, 0.03225, 0.03225, 0.02816, 0.0075, 0.02816, 0.00265, 0.03225, 0.00303, 0.00303, 0.03225, 0.00265, 0.02816, 0.00071, 0.00265, 0.03225, 0.34278, 0.29936, 0.07976], [0.00071, 0.00265, 0.00303, 0.00303, 0.00265, 0.00071, 0.00265, 0.00025, 0.00303, 0.00303, 0.00303, 0.03225, 0.00265, 0.02816, 0.00071, 0.00025, 0.00303, 0.03225, 0.02816, 0.84776]]