[[0.70208, 0.08897, 0.01572, 0.02456, 0.08897, 0.01572, 0.01572, 0.00278, 0.02456, 0.01572, 0.00278, 0.00241], [0.12405, 0.50355, 0.08897, 0.13899, 0.01572, 0.08897, 0.00278, 0.01572, 0.00434, 0.00278, 0.00049, 0.01363], [0.13899, 0.08897, 0.50355, 0.12405, 0.08897, 0.01572, 0.01572, 0.00278, 0.01363, 0.00049, 0.00278, 0.00434], [0.02456, 0.01572, 0.08897, 0.70208, 0.01572, 0.08897, 0.00278, 0.01572, 0.00241, 0.00278, 0.01572, 0.02456], [0.12405, 0.01572, 0.00278, 0.00434, 0.50355, 0.00278, 0.08897, 0.00049, 0.13899, 0.08897, 0.01572, 0.01363], [0.00434, 0.00278, 0.01572, 0.12405, 0.00278, 0.50355, 0.00049, 0.08897, 0.01363, 0.01572, 0.08897, 0.13899], [0.13899, 0.08897, 0.01572, 0.01363, 0.08897, 0.00049, 0.50355, 0.00278, 0.12405, 0.01572, 0.00278, 0.00434], [0.01363, 0.01572, 0.08897, 0.13899, 0.00049, 0.08897, 0.00278, 0.50355, 0.00434, 0.00278, 0.01572, 0.12405], [0.02456, 0.01572, 0.00278, 0.00241, 0.01572, 0.00278, 0.08897, 0.01572, 0.70208, 0.08897, 0.01572, 0.02456], [0.00434, 0.00278, 0.00049, 0.01363, 0.00278, 0.01572, 0.01572, 0.08897, 0.12405, 0.50355, 0.08897, 0.13899], [0.01363, 0.00049, 0.00278, 0.00434, 0.01572, 0.00278, 0.08897, 0.01572, 0.13899, 0.08897, 0.50355, 0.12405], [0.00241, 0.00278, 0.01572, 0.02456, 0.00278, 0.01572, 0.01572, 0.08897, 0.02456, 0.01572, 0.08897, 0.70208]]