[[0.64195, 0.0633, 0.0526, 0.0075, 0.00901, 0.0633, 0.0239, 0.0075, 0.0526, 0.0239, 0.00949, 0.00283, 0.00623, 0.0075, 0.00283, 0.00089, 0.00901, 0.0075, 0.00623, 0.00089, 0.00107], [0.22093, 0.18392, 0.15285, 0.02178, 0.02617, 0.0633, 0.06944, 0.0075, 0.0526, 0.06944, 0.02758, 0.00822, 0.00623, 0.0075, 0.00822, 0.00258, 0.02617, 0.02178, 0.0181, 0.00258, 0.0031], [0.07603, 0.0633, 0.44412, 0.0633, 0.07603, 0.02178, 0.06944, 0.02178, 0.0181, 0.0239, 0.02758, 0.0239, 0.0181, 0.00258, 0.00822, 0.00258, 0.00901, 0.0075, 0.00623, 0.0075, 0.00901], [0.02617, 0.02178, 0.15285, 0.18392, 0.22093, 0.0075, 0.06944, 0.0633, 0.00623, 0.00822, 0.02758, 0.06944, 0.0526, 0.00258, 0.00822, 0.0075, 0.0031, 0.00258, 0.0181, 0.02178, 0.02617], [0.00901, 0.0075, 0.0526, 0.0633, 0.64195, 0.0075, 0.0239, 0.0633, 0.00623, 0.00283, 0.00949, 0.0239, 0.0526, 0.00089, 0.00283, 0.0075, 0.00107, 0.00089, 0.00623, 0.0075, 0.00901], [0.22093, 0.0633, 0.0526, 0.0075, 0.02617, 0.18392, 0.06944, 0.02178, 0.15285, 0.06944, 0.02758, 0.00822, 0.0181, 0.02178, 0.00822, 0.00258, 0.02617, 0.0075, 0.00623, 0.00258, 0.0031], [0.07603, 0.02178, 0.15285, 0.02178, 0.07603, 0.0633, 0.20177, 0.0633, 0.0526, 0.0239, 0.08015, 0.0239, 0.0526, 0.0075, 0.0239, 0.0075, 0.00901, 0.0075, 0.0181, 0.0075, 0.00901], [0.02617, 0.0075, 0.0526, 0.0633, 0.22093, 0.02178, 0.06944, 0.18392, 0.0181, 0.00822, 0.02758, 0.06944, 0.15285, 0.00258, 0.00822, 0.02178, 0.0031, 0.00258, 0.00623, 0.0075, 0.02617], [0.07603, 0.02178, 0.0181, 0.00258, 0.00901, 0.0633, 0.0239, 0.0075, 0.44412, 0.06944, 0.02758, 0.00822, 0.00623, 0.0633, 0.0239, 0.0075, 0.07603, 0.02178, 0.0181, 0.00258, 0.00901], [0.07603, 0.0633, 0.0526, 0.0075, 0.00901, 0.02178, 0.0239, 0.0075, 0.15285, 0.20177, 0.08015, 0.0239, 0.0181, 0.02178, 0.0239, 0.0075, 0.07603, 0.0633, 0.0526, 0.0075, 0.00901], [0.02617, 0.02178, 0.0526, 0.02178, 0.02617, 0.02178, 0.06944, 0.02178, 0.0526, 0.06944, 0.23288, 0.06944, 0.0526, 0.02178, 0.06944, 0.02178, 0.02617, 0.02178, 0.0526, 0.02178, 0.02617], [0.00901, 0.0075, 0.0526, 0.0633, 0.07603, 0.0075, 0.0239, 0.02178, 0.0181, 0.0239, 0.08015, 0.20177, 0.15285, 0.0075, 0.0239, 0.02178, 0.00901, 0.0075, 0.0526, 0.0633, 0.07603], [0.00901, 0.00258, 0.0181, 0.02178, 0.07603, 0.0075, 0.0239, 0.0633, 0.00623, 0.00822, 0.02758, 0.06944, 0.44412, 0.0075, 0.0239, 0.0633, 0.00901, 0.00258, 0.0181, 0.02178, 0.07603], [0.02617, 0.0075, 0.00623, 0.00258, 0.0031, 0.02178, 0.00822, 0.00258, 0.15285, 0.06944, 0.02758, 0.00822, 0.0181, 0.18392, 0.06944, 0.02178, 0.22093, 0.0633, 0.0526, 0.0075, 0.02617], [0.00901, 0.0075, 0.0181, 0.0075, 0.00901, 0.0075, 0.0239, 0.0075, 0.0526, 0.0239, 0.08015, 0.0239, 0.0526, 0.0633, 0.20177, 0.0633, 0.07603, 0.02178, 0.15285, 0.02178, 0.07603], [0.0031, 0.00258, 0.00623, 0.0075, 0.02617, 0.00258, 0.00822, 0.02178, 0.0181, 0.00822, 0.02758, 0.06944, 0.15285, 0.02178, 0.06944, 0.18392, 0.02617, 0.0075, 0.0526, 0.0633, 0.22093], [0.00901, 0.0075, 0.00623, 0.00089, 0.00107, 0.0075, 0.00283, 0.00089, 0.0526, 0.0239, 0.00949, 0.00283, 0.00623, 0.0633, 0.0239, 0.0075, 0.64195, 0.0633, 0.0526, 0.0075, 0.00901], [0.02617, 0.02178, 0.0181, 0.00258, 0.0031, 0.0075, 0.00822, 0.00258, 0.0526, 0.06944, 0.02758, 0.00822, 0.00623, 0.0633, 0.06944, 0.0075, 0.22093, 0.18392, 0.15285, 0.02178, 0.02617], [0.00901, 0.0075, 0.00623, 0.0075, 0.00901, 0.00258, 0.00822, 0.00258, 0.0181, 0.0239, 0.02758, 0.0239, 0.0181, 0.02178, 0.06944, 0.02178, 0.07603, 0.0633, 0.44412, 0.0633, 0.07603], [0.0031, 0.00258, 0.0181, 0.02178, 0.02617, 0.00258, 0.00822, 0.0075, 0.00623, 0.00822, 0.02758, 0.06944, 0.0526, 0.0075, 0.06944, 0.0633, 0.02617, 0.02178, 0.15285, 0.18392, 0.22093], [0.00107, 0.00089, 0.00623, 0.0075, 0.00901, 0.00089, 0.00283, 0.0075, 0.00623, 0.00283, 0.00949, 0.0239, 0.0526, 0.0075, 0.0239, 0.0633, 0.00901, 0.0075, 0.0526, 0.0633, 0.64195]]