[[0.87022, 0.05277, 0.00368, 0.00445, 0.05277, 0.00366, 0.00368, 0.00025, 0.00445, 0.00366, 0.00025, 0.00016], [0.06047, 0.75941, 0.05293, 0.06409, 0.00367, 0.05262, 0.00026, 0.00367, 0.00031, 0.00025, 2e-05, 0.00231], [0.06411, 0.05277, 0.76171, 0.06045, 0.05277, 0.00366, 0.00368, 0.00025, 2e-05, 2e-05, 0.00025, 0.00031], [0.00445, 0.00367, 0.05293, 0.87006, 0.00367, 0.05262, 0.00026, 0.00367, 0.00031, 0.00025, 0.00367, 0.00445], [0.06047, 0.00367, 0.00026, 0.00031, 0.75941, 0.00025, 0.05293, 2e-05, 0.06409, 0.05262, 0.00367, 0.00231], [0.00031, 0.00025, 0.00368, 0.06045, 0.00025, 0.75728, 2e-05, 0.05277, 0.00445, 0.00366, 0.05277, 0.06411], [0.06411, 0.05277, 0.00368, 2e-05, 0.05277, 2e-05, 0.76171, 0.00025, 0.06045, 0.00366, 0.00025, 0.00031], [0.00231, 0.00367, 0.05293, 0.06409, 2e-05, 0.05262, 0.00026, 0.75941, 0.00031, 0.00025, 0.00367, 0.06047], [0.00445, 0.00367, 0.00026, 0.00031, 0.00367, 0.00025, 0.05293, 0.00367, 0.87006, 0.05262, 0.00367, 0.00445], [0.00031, 0.00025, 2e-05, 0.00445, 0.00025, 0.00366, 0.00368, 0.05277, 0.06045, 0.75728, 0.05277, 0.06411], [0.00231, 2e-05, 0.00026, 0.00031, 0.00367, 0.00025, 0.05293, 0.00367, 0.06409, 0.05262, 0.75941, 0.06047], [0.00016, 0.00025, 0.00368, 0.00445, 0.00025, 0.00366, 0.00368, 0.05277, 0.00445, 0.00366, 0.05277, 0.87022]]