[[0.85378, 0.06237, 0.00495, 0.00043, 0.06237, 0.00495, 0.00495, 0.00039, 0.00043, 0.00495, 0.00039, 3e-05], [0.06778, 0.78557, 0.06237, 0.00538, 0.00495, 0.00039, 0.00039, 3e-05, 0.00538, 0.06237, 0.00495, 0.00043], [0.00538, 0.06237, 0.78557, 0.06778, 0.00039, 0.00495, 3e-05, 0.00039, 0.00043, 0.00495, 0.06237, 0.00538], [0.00043, 0.00495, 0.06237, 0.85378, 0.00495, 0.06237, 0.00039, 0.00495, 3e-05, 0.00039, 0.00495, 0.00043], [0.06778, 0.00495, 0.00039, 0.00538, 0.78557, 0.06237, 0.06237, 0.00495, 0.00538, 0.00039, 3e-05, 0.00043], [0.00538, 0.00039, 0.00495, 0.06778, 0.06237, 0.78557, 0.00495, 0.06237, 0.00043, 3e-05, 0.00039, 0.00538], [0.00538, 0.00039, 3e-05, 0.00043, 0.06237, 0.00495, 0.78557, 0.06237, 0.06778, 0.00495, 0.00039, 0.00538], [0.00043, 3e-05, 0.00039, 0.00538, 0.00495, 0.06237, 0.06237, 0.78557, 0.00538, 0.00039, 0.00495, 0.06778], [0.00043, 0.00495, 0.00039, 3e-05, 0.00495, 0.00039, 0.06237, 0.00495, 0.85378, 0.06237, 0.00495, 0.00043], [0.00538, 0.06237, 0.00495, 0.00043, 0.00039, 3e-05, 0.00495, 0.00039, 0.06778, 0.78557, 0.06237, 0.00538], [0.00043, 0.00495, 0.06237, 0.00538, 3e-05, 0.00039, 0.00039, 0.00495, 0.00538, 0.06237, 0.78557, 0.06778], [3e-05, 0.00039, 0.00495, 0.00043, 0.00039, 0.00495, 0.00495, 0.06237, 0.00043, 0.00495, 0.06237, 0.85378]]