[[0.37144, 0.12157, 0.04184, 0.05078, 0.12157, 0.04184, 0.04184, 0.03625, 0.05078, 0.04184, 0.03625, 0.04399], [0.12783, 0.35326, 0.12157, 0.14756, 0.04184, 0.12157, 0.0144, 0.01247, 0.01748, 0.0144, 0.01247, 0.01514], [0.14756, 0.12157, 0.35326, 0.12783, 0.12157, 0.04184, 0.01247, 0.0144, 0.01514, 0.01247, 0.0144, 0.01748], [0.05078, 0.04184, 0.12157, 0.37144, 0.04184, 0.12157, 0.03625, 0.04184, 0.04399, 0.03625, 0.04184, 0.05078], [0.12783, 0.04184, 0.0144, 0.01748, 0.35326, 0.0144, 0.12157, 0.01247, 0.14756, 0.12157, 0.01247, 0.01514], [0.01748, 0.0144, 0.04184, 0.12783, 0.0144, 0.35326, 0.01247, 0.12157, 0.01514, 0.01247, 0.12157, 0.14756], [0.14756, 0.12157, 0.01247, 0.01514, 0.12157, 0.01247, 0.35326, 0.0144, 0.12783, 0.04184, 0.0144, 0.01748], [0.01514, 0.01247, 0.12157, 0.14756, 0.01247, 0.12157, 0.0144, 0.35326, 0.01748, 0.0144, 0.04184, 0.12783], [0.05078, 0.04184, 0.03625, 0.04399, 0.04184, 0.03625, 0.12157, 0.04184, 0.37144, 0.12157, 0.04184, 0.05078], [0.01748, 0.0144, 0.01247, 0.01514, 0.0144, 0.01247, 0.04184, 0.12157, 0.12783, 0.35326, 0.12157, 0.14756], [0.01514, 0.01247, 0.0144, 0.01748, 0.01247, 0.0144, 0.12157, 0.04184, 0.14756, 0.12157, 0.35326, 0.12783], [0.04399, 0.03625, 0.04184, 0.05078, 0.03625, 0.04184, 0.04184, 0.12157, 0.05078, 0.04184, 0.12157, 0.37144]]