[[0.62022, 0.11413, 0.02871, 0.00988, 0.11413, 0.02871, 0.02871, 0.00722, 0.00988, 0.02871, 0.00722, 0.00248], [0.15603, 0.45364, 0.11413, 0.03925, 0.02871, 0.00722, 0.00722, 0.00182, 0.03925, 0.11413, 0.02871, 0.00988], [0.03925, 0.11413, 0.45364, 0.15603, 0.00722, 0.02871, 0.00182, 0.00722, 0.00988, 0.02871, 0.11413, 0.03925], [0.00988, 0.02871, 0.11413, 0.62022, 0.02871, 0.11413, 0.00722, 0.02871, 0.00248, 0.00722, 0.02871, 0.00988], [0.15603, 0.02871, 0.00722, 0.03925, 0.45364, 0.11413, 0.11413, 0.02871, 0.03925, 0.00722, 0.00182, 0.00988], [0.03925, 0.00722, 0.02871, 0.15603, 0.11413, 0.45364, 0.02871, 0.11413, 0.00988, 0.00182, 0.00722, 0.03925], [0.03925, 0.00722, 0.00182, 0.00988, 0.11413, 0.02871, 0.45364, 0.11413, 0.15603, 0.02871, 0.00722, 0.03925], [0.00988, 0.00182, 0.00722, 0.03925, 0.02871, 0.11413, 0.11413, 0.45364, 0.03925, 0.00722, 0.02871, 0.15603], [0.00988, 0.02871, 0.00722, 0.00248, 0.02871, 0.00722, 0.11413, 0.02871, 0.62022, 0.11413, 0.02871, 0.00988], [0.03925, 0.11413, 0.02871, 0.00988, 0.00722, 0.00182, 0.02871, 0.00722, 0.15603, 0.45364, 0.11413, 0.03925], [0.00988, 0.02871, 0.11413, 0.03925, 0.00182, 0.00722, 0.00722, 0.02871, 0.03925, 0.11413, 0.45364, 0.15603], [0.00248, 0.00722, 0.02871, 0.00988, 0.00722, 0.02871, 0.02871, 0.11413, 0.00988, 0.02871, 0.11413, 0.62022]]