[[0.744, 0.09476, 0.01484, 0.00227, 0.00043, 0.09476, 0.01181, 0.00227, 0.01484, 0.01181, 0.00187, 0.00028, 0.00035, 0.00227, 0.00028, 5e-05, 0.00043, 0.00227, 0.00035, 5e-05, 1e-05], [0.11505, 0.61276, 0.09597, 0.01465, 0.00275, 0.01465, 0.01181, 0.00227, 0.01484, 0.07638, 0.01212, 0.00183, 0.00035, 0.00227, 0.00183, 0.00035, 0.00275, 0.01465, 0.00229, 0.00035, 7e-05], [0.01779, 0.09476, 0.62062, 0.09476, 0.01779, 0.01465, 0.07638, 0.01465, 0.00229, 0.01181, 0.01212, 0.01181, 0.00229, 0.00035, 0.00183, 0.00035, 0.00043, 0.00227, 0.00035, 0.00227, 0.00043], [0.00275, 0.01465, 0.09597, 0.61276, 0.11505, 0.00227, 0.01181, 0.01465, 0.00035, 0.00183, 0.01212, 0.07638, 0.01484, 0.00035, 0.00183, 0.00227, 7e-05, 0.00035, 0.00229, 0.01465, 0.00275], [0.00043, 0.00227, 0.01484, 0.09476, 0.744, 0.00227, 0.01181, 0.09476, 0.00035, 0.00028, 0.00187, 0.01181, 0.01484, 5e-05, 0.00028, 0.00227, 1e-05, 5e-05, 0.00035, 0.00227, 0.00043], [0.11505, 0.01465, 0.01484, 0.00227, 0.00275, 0.61276, 0.07638, 0.01465, 0.09597, 0.01181, 0.01212, 0.00183, 0.00229, 0.01465, 0.00183, 0.00035, 0.00275, 0.00227, 0.00035, 0.00035, 7e-05], [0.01779, 0.01465, 0.09597, 0.01465, 0.01779, 0.09476, 0.49392, 0.09476, 0.01484, 0.01181, 0.07839, 0.01181, 0.01484, 0.00227, 0.01181, 0.00227, 0.00043, 0.00227, 0.00229, 0.00227, 0.00043], [0.00275, 0.00227, 0.01484, 0.01465, 0.11505, 0.01465, 0.07638, 0.61276, 0.00229, 0.00183, 0.01212, 0.01181, 0.09597, 0.00035, 0.00183, 0.01465, 7e-05, 0.00035, 0.00035, 0.00227, 0.00275], [0.01779, 0.01465, 0.00229, 0.00035, 0.00043, 0.09476, 0.01181, 0.00227, 0.62062, 0.07638, 0.01212, 0.00183, 0.00035, 0.09476, 0.01181, 0.00227, 0.01779, 0.01465, 0.00229, 0.00035, 0.00043], [0.01779, 0.09476, 0.01484, 0.00227, 0.00043, 0.01465, 0.01181, 0.00227, 0.09597, 0.49392, 0.07839, 0.01181, 0.00229, 0.01465, 0.01181, 0.00227, 0.01779, 0.09476, 0.01484, 0.00227, 0.00043], [0.00275, 0.01465, 0.01484, 0.01465, 0.00275, 0.01465, 0.07638, 0.01465, 0.01484, 0.07638, 0.50689, 0.07638, 0.01484, 0.01465, 0.07638, 0.01465, 0.00275, 0.01465, 0.01484, 0.01465, 0.00275], [0.00043, 0.00227, 0.01484, 0.09476, 0.01779, 0.00227, 0.01181, 0.01465, 0.00229, 0.01181, 0.07839, 0.49392, 0.09597, 0.00227, 0.01181, 0.01465, 0.00043, 0.00227, 0.01484, 0.09476, 0.01779], [0.00043, 0.00035, 0.00229, 0.01465, 0.01779, 0.00227, 0.01181, 0.09476, 0.00035, 0.00183, 0.01212, 0.07638, 0.62062, 0.00227, 0.01181, 0.09476, 0.00043, 0.00035, 0.00229, 0.01465, 0.01779], [0.00275, 0.00227, 0.00035, 0.00035, 7e-05, 0.01465, 0.00183, 0.00035, 0.09597, 0.01181, 0.01212, 0.00183, 0.00229, 0.61276, 0.07638, 0.01465, 0.11505, 0.01465, 0.01484, 0.00227, 0.00275], [0.00043, 0.00227, 0.00229, 0.00227, 0.00043, 0.00227, 0.01181, 0.00227, 0.01484, 0.01181, 0.07839, 0.01181, 0.01484, 0.09476, 0.49392, 0.09476, 0.01779, 0.01465, 0.09597, 0.01465, 0.01779], [7e-05, 0.00035, 0.00035, 0.00227, 0.00275, 0.00035, 0.00183, 0.01465, 0.00229, 0.00183, 0.01212, 0.01181, 0.09597, 0.01465, 0.07638, 0.61276, 0.00275, 0.00227, 0.01484, 0.01465, 0.11505], [0.00043, 0.00227, 0.00035, 5e-05, 1e-05, 0.00227, 0.00028, 5e-05, 0.01484, 0.01181, 0.00187, 0.00028, 0.00035, 0.09476, 0.01181, 0.00227, 0.744, 0.09476, 0.01484, 0.00227, 0.00043], [0.00275, 0.01465, 0.00229, 0.00035, 7e-05, 0.00227, 0.00183, 0.00035, 0.01484, 0.07638, 0.01212, 0.00183, 0.00035, 0.01465, 0.01181, 0.00227, 0.11505, 0.61276, 0.09597, 0.01465, 0.00275], [0.00043, 0.00227, 0.00035, 0.00227, 0.00043, 0.00035, 0.00183, 0.00035, 0.00229, 0.01181, 0.01212, 0.01181, 0.00229, 0.01465, 0.07638, 0.01465, 0.01779, 0.09476, 0.62062, 0.09476, 0.01779], [7e-05, 0.00035, 0.00229, 0.01465, 0.00275, 0.00035, 0.00183, 0.00227, 0.00035, 0.00183, 0.01212, 0.07638, 0.01484, 0.00227, 0.01181, 0.01465, 0.00275, 0.01465, 0.09597, 0.61276, 0.11505], [1e-05, 5e-05, 0.00035, 0.00227, 0.00043, 5e-05, 0.00028, 0.00227, 0.00035, 0.00028, 0.00187, 0.01181, 0.01484, 0.00227, 0.01181, 0.09476, 0.00043, 0.00227, 0.01484, 0.09476, 0.744]]