[[0.76272, 0.07967, 0.01078, 0.01539, 0.07967, 0.01078, 0.01078, 0.00146, 0.01539, 0.01078, 0.00146, 0.00113], [0.10322, 0.58867, 0.07967, 0.11369, 0.01078, 0.07967, 0.00146, 0.01078, 0.00208, 0.00146, 0.0002, 0.00831], [0.11369, 0.07967, 0.58867, 0.10322, 0.07967, 0.01078, 0.01078, 0.00146, 0.00831, 0.0002, 0.00146, 0.00208], [0.01539, 0.01078, 0.07967, 0.76272, 0.01078, 0.07967, 0.00146, 0.01078, 0.00113, 0.00146, 0.01078, 0.01539], [0.10322, 0.01078, 0.00146, 0.00208, 0.58867, 0.00146, 0.07967, 0.0002, 0.11369, 0.07967, 0.01078, 0.00831], [0.00208, 0.00146, 0.01078, 0.10322, 0.00146, 0.58867, 0.0002, 0.07967, 0.00831, 0.01078, 0.07967, 0.11369], [0.11369, 0.07967, 0.01078, 0.00831, 0.07967, 0.0002, 0.58867, 0.00146, 0.10322, 0.01078, 0.00146, 0.00208], [0.00831, 0.01078, 0.07967, 0.11369, 0.0002, 0.07967, 0.00146, 0.58867, 0.00208, 0.00146, 0.01078, 0.10322], [0.01539, 0.01078, 0.00146, 0.00113, 0.01078, 0.00146, 0.07967, 0.01078, 0.76272, 0.07967, 0.01078, 0.01539], [0.00208, 0.00146, 0.0002, 0.00831, 0.00146, 0.01078, 0.01078, 0.07967, 0.10322, 0.58867, 0.07967, 0.11369], [0.00831, 0.0002, 0.00146, 0.00208, 0.01078, 0.00146, 0.07967, 0.01078, 0.11369, 0.07967, 0.58867, 0.10322], [0.00113, 0.00146, 0.01078, 0.01539, 0.00146, 0.01078, 0.01078, 0.07967, 0.01539, 0.01078, 0.07967, 0.76272]]