[[0.88489, 0.0451, 0.0015, 0.0015, 0.00019, 0.00025, 0.0451, 0.00295, 0.0015, 0.0015, 0.0015, 0.0015, 0.00019, 0.00295, 0.00025, 0.00295, 0.0015, 0.0015, 0.00295, 0.00025], [0.05787, 0.68957, 0.02292, 0.02292, 0.00295, 0.00025, 0.0451, 0.00295, 0.0015, 0.0015, 0.0015, 0.0015, 0.00295, 0.0451, 0.00378, 0.0451, 0.02292, 0.02292, 0.00295, 0.00378], [0.00378, 0.0451, 0.35043, 0.35043, 0.00295, 0.00025, 0.00295, 0.00295, 0.02292, 0.02292, 0.02292, 0.02292, 0.00295, 0.00295, 0.00378, 0.0451, 0.02292, 0.02292, 0.0451, 0.00378], [0.00025, 0.00295, 0.35043, 0.35043, 0.0451, 0.00378, 0.00295, 0.00295, 0.02292, 0.02292, 0.02292, 0.02292, 0.00295, 0.00295, 0.00378, 0.0451, 0.02292, 0.02292, 0.0451, 0.00378], [0.00025, 0.00295, 0.02292, 0.02292, 0.68957, 0.05787, 0.00295, 0.0451, 0.0015, 0.0015, 0.0015, 0.0015, 0.0451, 0.00295, 0.00378, 0.00295, 0.02292, 0.02292, 0.0451, 0.00378], [0.00025, 0.00019, 0.0015, 0.0015, 0.0451, 0.88489, 0.00295, 0.0451, 0.0015, 0.0015, 0.0015, 0.0015, 0.00295, 0.00019, 0.00025, 0.00295, 0.0015, 0.0015, 0.00295, 0.00025], [0.05787, 0.0451, 0.0015, 0.0015, 0.00295, 0.00378, 0.68957, 0.0451, 0.02292, 0.02292, 0.02292, 0.02292, 0.00295, 0.00295, 0.00025, 0.00295, 0.0015, 0.0015, 0.0451, 0.00378], [0.00378, 0.00295, 0.0015, 0.0015, 0.0451, 0.05787, 0.0451, 0.68957, 0.02292, 0.02292, 0.02292, 0.02292, 0.00295, 0.00295, 0.00378, 0.0451, 0.0015, 0.0015, 0.00295, 0.00025], [0.00378, 0.00295, 0.02292, 0.02292, 0.00295, 0.00378, 0.0451, 0.0451, 0.35043, 0.02292, 0.35043, 0.02292, 0.00295, 0.0451, 0.00025, 0.00295, 0.02292, 0.02292, 0.00295, 0.00378], [0.00378, 0.00295, 0.02292, 0.02292, 0.00295, 0.00378, 0.0451, 0.0451, 0.02292, 0.35043, 0.02292, 0.35043, 0.0451, 0.00295, 0.00378, 0.00295, 0.02292, 0.02292, 0.00295, 0.00025], [0.00025, 0.00295, 0.02292, 0.02292, 0.00295, 0.00378, 0.00295, 0.0451, 0.35043, 0.02292, 0.35043, 0.02292, 0.0451, 0.0451, 0.00378, 0.00295, 0.02292, 0.02292, 0.00295, 0.00378], [0.00378, 0.00295, 0.02292, 0.02292, 0.00295, 0.00025, 0.0451, 0.00295, 0.02292, 0.35043, 0.02292, 0.35043, 0.0451, 0.0451, 0.00378, 0.00295, 0.02292, 0.02292, 0.00295, 0.00378], [0.00025, 0.00295, 0.0015, 0.0015, 0.0451, 0.00378, 0.00295, 0.00295, 0.02292, 0.02292, 0.02292, 0.02292, 0.68957, 0.0451, 0.05787, 0.0451, 0.0015, 0.0015, 0.00295, 0.00378], [0.00378, 0.0451, 0.0015, 0.0015, 0.00295, 0.00025, 0.00295, 0.00295, 0.02292, 0.02292, 0.02292, 0.02292, 0.0451, 0.68957, 0.00378, 0.00295, 0.0015, 0.0015, 0.0451, 0.05787], [0.00025, 0.00295, 0.0015, 0.0015, 0.00295, 0.00025, 0.00019, 0.00295, 0.0015, 0.0015, 0.0015, 0.0015, 0.0451, 0.00295, 0.88489, 0.0451, 0.0015, 0.0015, 0.00019, 0.00025], [0.00378, 0.0451, 0.02292, 0.02292, 0.00295, 0.00378, 0.00295, 0.0451, 0.0015, 0.0015, 0.0015, 0.0015, 0.0451, 0.00295, 0.05787, 0.68957, 0.02292, 0.02292, 0.00295, 0.00025], [0.00378, 0.0451, 0.02292, 0.02292, 0.0451, 0.00378, 0.00295, 0.00295, 0.02292, 0.02292, 0.02292, 0.02292, 0.00295, 0.00295, 0.00378, 0.0451, 0.35043, 0.35043, 0.00295, 0.00025], [0.00378, 0.0451, 0.02292, 0.02292, 0.0451, 0.00378, 0.00295, 0.00295, 0.02292, 0.02292, 0.02292, 0.02292, 0.00295, 0.00295, 0.00025, 0.00295, 0.35043, 0.35043, 0.0451, 0.00378], [0.00378, 0.00295, 0.02292, 0.02292, 0.0451, 0.00378, 0.0451, 0.00295, 0.0015, 0.0015, 0.0015, 0.0015, 0.00295, 0.0451, 0.00025, 0.00295, 0.02292, 0.02292, 0.68957, 0.05787], [0.00025, 0.00295, 0.0015, 0.0015, 0.00295, 0.00025, 0.00295, 0.00019, 0.0015, 0.0015, 0.0015, 0.0015, 0.00295, 0.0451, 0.00025, 0.00019, 0.0015, 0.0015, 0.0451, 0.88489]]