[[0.58534, 0.15426, 0.02735, 0.00721, 0.00283, 0.00283, 0.15426, 0.00721, 0.02735, 0.0029, 0.00721, 0.0019, 0.00283, 0.00074, 0.00283, 0.00721, 0.0029, 0.0019, 0.00074, 0.0002], [0.15429, 0.58522, 0.10377, 0.02735, 0.01072, 0.00283, 0.04066, 0.0019, 0.00721, 0.00076, 0.0019, 0.0005, 0.00283, 0.0002, 0.01072, 0.02737, 0.01101, 0.0072, 0.00282, 0.00074], [0.04067, 0.15426, 0.39367, 0.10376, 0.04068, 0.01072, 0.01072, 0.0019, 0.0019, 0.00076, 0.0019, 0.0005, 0.01072, 0.00074, 0.04068, 0.10382, 0.04175, 0.02731, 0.0107, 0.00282], [0.01072, 0.04066, 0.10377, 0.39362, 0.15432, 0.04068, 0.00283, 0.00721, 0.0019, 0.0029, 0.0005, 0.0005, 0.00283, 0.00282, 0.01072, 0.02737, 0.04175, 0.10359, 0.0406, 0.0107], [0.00283, 0.01072, 0.02735, 0.10376, 0.58545, 0.15432, 0.00283, 0.02737, 0.00721, 0.01101, 0.0019, 0.0019, 0.00075, 0.00074, 0.00283, 0.00721, 0.01101, 0.02731, 0.0107, 0.00282], [0.00283, 0.00283, 0.00721, 0.02735, 0.15432, 0.58545, 0.01072, 0.10382, 0.02735, 0.04175, 0.00721, 0.0072, 0.00283, 0.00282, 0.00075, 0.0019, 0.0029, 0.0072, 0.00282, 0.00074], [0.15429, 0.04066, 0.00721, 0.0019, 0.00283, 0.01072, 0.58522, 0.02737, 0.10377, 0.01101, 0.02735, 0.0072, 0.01072, 0.00282, 0.00283, 0.0019, 0.00076, 0.0005, 0.0002, 0.00074], [0.01072, 0.00283, 0.0019, 0.00721, 0.04068, 0.15432, 0.04066, 0.39387, 0.10377, 0.1584, 0.02735, 0.02731, 0.01072, 0.0107, 0.00283, 0.0005, 0.00076, 0.0019, 0.00074, 0.00282], [0.04067, 0.01072, 0.0019, 0.0019, 0.01072, 0.04068, 0.15426, 0.10382, 0.39367, 0.04175, 0.10376, 0.02731, 0.04068, 0.0107, 0.01072, 0.0019, 0.00076, 0.0005, 0.00074, 0.00282], [0.00283, 0.00074, 0.0005, 0.0019, 0.01072, 0.04068, 0.01072, 0.10382, 0.02735, 0.60091, 0.02735, 0.10359, 0.01072, 0.0406, 0.00283, 0.0005, 0.0002, 0.0005, 0.00282, 0.0107], [0.01072, 0.00283, 0.0019, 0.0005, 0.00283, 0.01072, 0.04066, 0.02737, 0.10377, 0.04175, 0.39362, 0.10359, 0.15432, 0.0406, 0.04068, 0.00721, 0.0029, 0.0005, 0.00282, 0.0107], [0.00283, 0.00074, 0.0005, 0.0005, 0.00283, 0.01072, 0.01072, 0.02737, 0.02735, 0.1584, 0.10376, 0.39298, 0.04068, 0.15403, 0.01072, 0.0019, 0.00076, 0.0019, 0.0107, 0.04061], [0.00283, 0.00283, 0.00721, 0.0019, 0.00075, 0.00283, 0.01072, 0.00721, 0.02735, 0.01101, 0.10376, 0.02731, 0.58545, 0.0107, 0.15432, 0.02737, 0.01101, 0.0019, 0.00074, 0.00282], [0.00074, 0.0002, 0.0005, 0.0019, 0.00075, 0.00283, 0.00283, 0.00721, 0.00721, 0.04175, 0.02735, 0.10359, 0.01072, 0.58433, 0.00283, 0.0005, 0.0029, 0.0072, 0.0406, 0.15406], [0.00283, 0.01072, 0.02735, 0.00721, 0.00283, 0.00075, 0.00283, 0.0019, 0.00721, 0.0029, 0.02735, 0.0072, 0.15432, 0.00282, 0.58545, 0.10382, 0.04175, 0.0072, 0.00282, 0.00074], [0.01072, 0.04066, 0.10377, 0.02735, 0.01072, 0.00283, 0.00283, 0.0005, 0.0019, 0.00076, 0.00721, 0.0019, 0.04068, 0.00074, 0.15432, 0.39387, 0.1584, 0.02731, 0.0107, 0.00282], [0.00283, 0.01072, 0.02735, 0.02735, 0.01072, 0.00283, 0.00074, 0.0005, 0.0005, 0.0002, 0.0019, 0.0005, 0.01072, 0.00282, 0.04068, 0.10382, 0.60091, 0.10359, 0.0406, 0.0107], [0.00283, 0.01072, 0.02735, 0.10376, 0.04068, 0.01072, 0.00074, 0.0019, 0.0005, 0.00076, 0.0005, 0.0019, 0.00283, 0.0107, 0.01072, 0.02737, 0.1584, 0.39298, 0.15403, 0.04061], [0.00074, 0.00283, 0.00721, 0.02735, 0.01072, 0.00283, 0.0002, 0.0005, 0.0005, 0.0029, 0.0019, 0.0072, 0.00075, 0.0406, 0.00283, 0.00721, 0.04175, 0.10359, 0.58433, 0.15406], [0.0002, 0.00074, 0.0019, 0.00721, 0.00283, 0.00075, 0.00074, 0.0019, 0.0019, 0.01101, 0.00721, 0.02731, 0.00283, 0.15403, 0.00075, 0.0019, 0.01101, 0.02731, 0.15403, 0.58447]]