[[0.94068, 0.02558, 0.00079, 2e-05, 3e-05, 3e-05, 0.02558, 0.00081, 0.00079, 0.00079, 2e-05, 0.00079, 3e-05, 0.00081, 3e-05, 0.00081, 0.00079, 0.00079, 0.00081, 3e-05], [0.02973, 0.80954, 0.02496, 0.00079, 0.00081, 3e-05, 0.02558, 0.00081, 0.00079, 0.00079, 0.00079, 0.00079, 0.00081, 0.02558, 0.00094, 0.02558, 0.02496, 0.02496, 0.00081, 0.00094], [0.00094, 0.02558, 0.78996, 0.02496, 0.00081, 3e-05, 0.00081, 0.00081, 0.02496, 0.00079, 0.00079, 0.02496, 0.00081, 0.00081, 0.00094, 0.02558, 0.02496, 0.02496, 0.02558, 0.00094], [3e-05, 0.00081, 0.02496, 0.78996, 0.02558, 0.00094, 0.00081, 0.00081, 0.00079, 0.02496, 0.02496, 0.00079, 0.00081, 0.00081, 0.00094, 0.02558, 0.02496, 0.02496, 0.02558, 0.00094], [3e-05, 0.00081, 0.00079, 0.02496, 0.80954, 0.02973, 0.00081, 0.02558, 0.00079, 0.00079, 0.00079, 0.00079, 0.02558, 0.00081, 0.00094, 0.00081, 0.02496, 0.02496, 0.02558, 0.00094], [3e-05, 3e-05, 2e-05, 0.00079, 0.02558, 0.94068, 0.00081, 0.02558, 0.00079, 0.00079, 0.00079, 2e-05, 0.00081, 3e-05, 3e-05, 0.00081, 0.00079, 0.00079, 0.00081, 3e-05], [0.02973, 0.02558, 0.00079, 0.00079, 0.00081, 0.00094, 0.80954, 0.02558, 0.02496, 0.02496, 0.00079, 0.02496, 0.00081, 0.00081, 3e-05, 0.00081, 0.00079, 0.00079, 0.02558, 0.00094], [0.00094, 0.00081, 0.00079, 0.00079, 0.02558, 0.02973, 0.02558, 0.80954, 0.02496, 0.02496, 0.02496, 0.00079, 0.00081, 0.00081, 0.00094, 0.02558, 0.00079, 0.00079, 0.00081, 3e-05], [0.00094, 0.00081, 0.02496, 0.00079, 0.00081, 0.00094, 0.02558, 0.02558, 0.78996, 0.02496, 0.02496, 0.02496, 0.00081, 0.02558, 3e-05, 0.00081, 0.00079, 0.02496, 0.00081, 0.00094], [0.00094, 0.00081, 0.00079, 0.02496, 0.00081, 0.00094, 0.02558, 0.02558, 0.02496, 0.78996, 0.02496, 0.02496, 0.02558, 0.00081, 0.00094, 0.00081, 0.02496, 0.00079, 0.00081, 3e-05], [3e-05, 0.00081, 0.00079, 0.02496, 0.00081, 0.00094, 0.00081, 0.02558, 0.02496, 0.02496, 0.78996, 0.02496, 0.02558, 0.02558, 0.00094, 0.00081, 0.02496, 0.00079, 0.00081, 0.00094], [0.00094, 0.00081, 0.02496, 0.00079, 0.00081, 3e-05, 0.02558, 0.00081, 0.02496, 0.02496, 0.02496, 0.78996, 0.02558, 0.02558, 0.00094, 0.00081, 0.00079, 0.02496, 0.00081, 0.00094], [3e-05, 0.00081, 0.00079, 0.00079, 0.02558, 0.00094, 0.00081, 0.00081, 0.00079, 0.02496, 0.02496, 0.02496, 0.80954, 0.02558, 0.02973, 0.02558, 0.00079, 0.00079, 0.00081, 0.00094], [0.00094, 0.02558, 0.00079, 0.00079, 0.00081, 3e-05, 0.00081, 0.00081, 0.02496, 0.00079, 0.02496, 0.02496, 0.02558, 0.80954, 0.00094, 0.00081, 0.00079, 0.00079, 0.02558, 0.02973], [3e-05, 0.00081, 0.00079, 0.00079, 0.00081, 3e-05, 3e-05, 0.00081, 2e-05, 0.00079, 0.00079, 0.00079, 0.02558, 0.00081, 0.94068, 0.02558, 0.00079, 2e-05, 3e-05, 3e-05], [0.00094, 0.02558, 0.02496, 0.02496, 0.00081, 0.00094, 0.00081, 0.02558, 0.00079, 0.00079, 0.00079, 0.00079, 0.02558, 0.00081, 0.02973, 0.80954, 0.02496, 0.00079, 0.00081, 3e-05], [0.00094, 0.02558, 0.02496, 0.02496, 0.02558, 0.00094, 0.00081, 0.00081, 0.00079, 0.02496, 0.02496, 0.00079, 0.00081, 0.00081, 0.00094, 0.02558, 0.78996, 0.02496, 0.00081, 3e-05], [0.00094, 0.02558, 0.02496, 0.02496, 0.02558, 0.00094, 0.00081, 0.00081, 0.02496, 0.00079, 0.00079, 0.02496, 0.00081, 0.00081, 3e-05, 0.00081, 0.02496, 0.78996, 0.02558, 0.00094], [0.00094, 0.00081, 0.02496, 0.02496, 0.02558, 0.00094, 0.02558, 0.00081, 0.00079, 0.00079, 0.00079, 0.00079, 0.00081, 0.02558, 3e-05, 0.00081, 0.00079, 0.02496, 0.80954, 0.02973], [3e-05, 0.00081, 0.00079, 0.00079, 0.00081, 3e-05, 0.00081, 3e-05, 0.00079, 2e-05, 0.00079, 0.00079, 0.00081, 0.02558, 3e-05, 3e-05, 2e-05, 0.00079, 0.02558, 0.94068]]