[[0.73379, 0.0846, 0.01308, 0.01949, 0.0846, 0.01308, 0.01308, 0.00202, 0.01949, 0.01308, 0.00202, 0.00165], [0.11347, 0.54707, 0.0846, 0.12606, 0.01308, 0.0846, 0.00202, 0.01308, 0.00301, 0.00202, 0.00031, 0.01066], [0.12606, 0.0846, 0.54707, 0.11347, 0.0846, 0.01308, 0.01308, 0.00202, 0.01066, 0.00031, 0.00202, 0.00301], [0.01949, 0.01308, 0.0846, 0.73379, 0.01308, 0.0846, 0.00202, 0.01308, 0.00165, 0.00202, 0.01308, 0.01949], [0.11347, 0.01308, 0.00202, 0.00301, 0.54707, 0.00202, 0.0846, 0.00031, 0.12606, 0.0846, 0.01308, 0.01066], [0.00301, 0.00202, 0.01308, 0.11347, 0.00202, 0.54707, 0.00031, 0.0846, 0.01066, 0.01308, 0.0846, 0.12606], [0.12606, 0.0846, 0.01308, 0.01066, 0.0846, 0.00031, 0.54707, 0.00202, 0.11347, 0.01308, 0.00202, 0.00301], [0.01066, 0.01308, 0.0846, 0.12606, 0.00031, 0.0846, 0.00202, 0.54707, 0.00301, 0.00202, 0.01308, 0.11347], [0.01949, 0.01308, 0.00202, 0.00165, 0.01308, 0.00202, 0.0846, 0.01308, 0.73379, 0.0846, 0.01308, 0.01949], [0.00301, 0.00202, 0.00031, 0.01066, 0.00202, 0.01308, 0.01308, 0.0846, 0.11347, 0.54707, 0.0846, 0.12606], [0.01066, 0.00031, 0.00202, 0.00301, 0.01308, 0.00202, 0.0846, 0.01308, 0.12606, 0.0846, 0.54707, 0.11347], [0.00165, 0.00202, 0.01308, 0.01949, 0.00202, 0.01308, 0.01308, 0.0846, 0.01949, 0.01308, 0.0846, 0.73379]]