[[0.65709, 0.10931, 0.02642, 0.00582, 0.00186, 0.10931, 0.01732, 0.00582, 0.02642, 0.01732, 0.00442, 0.00092, 0.00141, 0.00582, 0.00092, 0.00031, 0.00186, 0.00582, 0.00141, 0.00031, 0.0001], [0.15159, 0.47385, 0.11453, 0.02522, 0.00807, 0.02522, 0.01732, 0.00582, 0.02642, 0.0751, 0.01915, 0.004, 0.00141, 0.00582, 0.004, 0.00134, 0.00807, 0.02522, 0.0061, 0.00134, 0.00043], [0.03497, 0.10931, 0.49646, 0.10931, 0.03497, 0.02522, 0.0751, 0.02522, 0.0061, 0.01732, 0.01915, 0.01732, 0.0061, 0.00134, 0.004, 0.00134, 0.00186, 0.00582, 0.00141, 0.00582, 0.00186], [0.00807, 0.02522, 0.11453, 0.47385, 0.15159, 0.00582, 0.01732, 0.02522, 0.00141, 0.004, 0.01915, 0.0751, 0.02642, 0.00134, 0.004, 0.00582, 0.00043, 0.00134, 0.0061, 0.02522, 0.00807], [0.00186, 0.00582, 0.02642, 0.10931, 0.65709, 0.00582, 0.01732, 0.10931, 0.00141, 0.00092, 0.00442, 0.01732, 0.02642, 0.00031, 0.00092, 0.00582, 0.0001, 0.00031, 0.00141, 0.00582, 0.00186], [0.15159, 0.02522, 0.02642, 0.00582, 0.00807, 0.47385, 0.0751, 0.02522, 0.11453, 0.01732, 0.01915, 0.004, 0.0061, 0.02522, 0.004, 0.00134, 0.00807, 0.00582, 0.00141, 0.00134, 0.00043], [0.03497, 0.02522, 0.11453, 0.02522, 0.03497, 0.10931, 0.32553, 0.10931, 0.02642, 0.01732, 0.08303, 0.01732, 0.02642, 0.00582, 0.01732, 0.00582, 0.00186, 0.00582, 0.0061, 0.00582, 0.00186], [0.00807, 0.00582, 0.02642, 0.02522, 0.15159, 0.02522, 0.0751, 0.47385, 0.0061, 0.004, 0.01915, 0.01732, 0.11453, 0.00134, 0.004, 0.02522, 0.00043, 0.00134, 0.00141, 0.00582, 0.00807], [0.03497, 0.02522, 0.0061, 0.00134, 0.00186, 0.10931, 0.01732, 0.00582, 0.49646, 0.0751, 0.01915, 0.004, 0.00141, 0.10931, 0.01732, 0.00582, 0.03497, 0.02522, 0.0061, 0.00134, 0.00186], [0.03497, 0.10931, 0.02642, 0.00582, 0.00186, 0.02522, 0.01732, 0.00582, 0.11453, 0.32553, 0.08303, 0.01732, 0.0061, 0.02522, 0.01732, 0.00582, 0.03497, 0.10931, 0.02642, 0.00582, 0.00186], [0.00807, 0.02522, 0.02642, 0.02522, 0.00807, 0.02522, 0.0751, 0.02522, 0.02642, 0.0751, 0.35991, 0.0751, 0.02642, 0.02522, 0.0751, 0.02522, 0.00807, 0.02522, 0.02642, 0.02522, 0.00807], [0.00186, 0.00582, 0.02642, 0.10931, 0.03497, 0.00582, 0.01732, 0.02522, 0.0061, 0.01732, 0.08303, 0.32553, 0.11453, 0.00582, 0.01732, 0.02522, 0.00186, 0.00582, 0.02642, 0.10931, 0.03497], [0.00186, 0.00134, 0.0061, 0.02522, 0.03497, 0.00582, 0.01732, 0.10931, 0.00141, 0.004, 0.01915, 0.0751, 0.49646, 0.00582, 0.01732, 0.10931, 0.00186, 0.00134, 0.0061, 0.02522, 0.03497], [0.00807, 0.00582, 0.00141, 0.00134, 0.00043, 0.02522, 0.004, 0.00134, 0.11453, 0.01732, 0.01915, 0.004, 0.0061, 0.47385, 0.0751, 0.02522, 0.15159, 0.02522, 0.02642, 0.00582, 0.00807], [0.00186, 0.00582, 0.0061, 0.00582, 0.00186, 0.00582, 0.01732, 0.00582, 0.02642, 0.01732, 0.08303, 0.01732, 0.02642, 0.10931, 0.32553, 0.10931, 0.03497, 0.02522, 0.11453, 0.02522, 0.03497], [0.00043, 0.00134, 0.00141, 0.00582, 0.00807, 0.00134, 0.004, 0.02522, 0.0061, 0.004, 0.01915, 0.01732, 0.11453, 0.02522, 0.0751, 0.47385, 0.00807, 0.00582, 0.02642, 0.02522, 0.15159], [0.00186, 0.00582, 0.00141, 0.00031, 0.0001, 0.00582, 0.00092, 0.00031, 0.02642, 0.01732, 0.00442, 0.00092, 0.00141, 0.10931, 0.01732, 0.00582, 0.65709, 0.10931, 0.02642, 0.00582, 0.00186], [0.00807, 0.02522, 0.0061, 0.00134, 0.00043, 0.00582, 0.004, 0.00134, 0.02642, 0.0751, 0.01915, 0.004, 0.00141, 0.02522, 0.01732, 0.00582, 0.15159, 0.47385, 0.11453, 0.02522, 0.00807], [0.00186, 0.00582, 0.00141, 0.00582, 0.00186, 0.00134, 0.004, 0.00134, 0.0061, 0.01732, 0.01915, 0.01732, 0.0061, 0.02522, 0.0751, 0.02522, 0.03497, 0.10931, 0.49646, 0.10931, 0.03497], [0.00043, 0.00134, 0.0061, 0.02522, 0.00807, 0.00134, 0.004, 0.00582, 0.00141, 0.004, 0.01915, 0.0751, 0.02642, 0.00582, 0.01732, 0.02522, 0.00807, 0.02522, 0.11453, 0.47385, 0.15159], [0.0001, 0.00031, 0.00141, 0.00582, 0.00186, 0.00031, 0.00092, 0.00582, 0.00141, 0.00092, 0.00442, 0.01732, 0.02642, 0.00582, 0.01732, 0.10931, 0.00186, 0.00582, 0.02642, 0.10931, 0.65709]]