[[0.68719, 0.10562, 0.02197, 0.00431, 0.00114, 0.10562, 0.01565, 0.00431, 0.02197, 0.01565, 0.00336, 0.00064, 0.0009, 0.00431, 0.00064, 0.00018, 0.00114, 0.00431, 0.0009, 0.00018, 5e-05], [0.13874, 0.52312, 0.10884, 0.02132, 0.00566, 0.02132, 0.01565, 0.00431, 0.02197, 0.0775, 0.01667, 0.00316, 0.0009, 0.00431, 0.00316, 0.00087, 0.00566, 0.02132, 0.00444, 0.00087, 0.00023], [0.02801, 0.10562, 0.53907, 0.10562, 0.02801, 0.02132, 0.0775, 0.02132, 0.00444, 0.01565, 0.01667, 0.01565, 0.00444, 0.00087, 0.00316, 0.00087, 0.00114, 0.00431, 0.0009, 0.00431, 0.00114], [0.00566, 0.02132, 0.10884, 0.52312, 0.13874, 0.00431, 0.01565, 0.02132, 0.0009, 0.00316, 0.01667, 0.0775, 0.02197, 0.00087, 0.00316, 0.00431, 0.00023, 0.00087, 0.00444, 0.02132, 0.00566], [0.00114, 0.00431, 0.02197, 0.10562, 0.68719, 0.00431, 0.01565, 0.10562, 0.0009, 0.00064, 0.00336, 0.01565, 0.02197, 0.00018, 0.00064, 0.00431, 5e-05, 0.00018, 0.0009, 0.00431, 0.00114], [0.13874, 0.02132, 0.02197, 0.00431, 0.00566, 0.52312, 0.0775, 0.02132, 0.10884, 0.01565, 0.01667, 0.00316, 0.00444, 0.02132, 0.00316, 0.00087, 0.00566, 0.00431, 0.0009, 0.00087, 0.00023], [0.02801, 0.02132, 0.10884, 0.02132, 0.02801, 0.10562, 0.38388, 0.10562, 0.02197, 0.01565, 0.08255, 0.01565, 0.02197, 0.00431, 0.01565, 0.00431, 0.00114, 0.00431, 0.00444, 0.00431, 0.00114], [0.00566, 0.00431, 0.02197, 0.02132, 0.13874, 0.02132, 0.0775, 0.52312, 0.00444, 0.00316, 0.01667, 0.01565, 0.10884, 0.00087, 0.00316, 0.02132, 0.00023, 0.00087, 0.0009, 0.00431, 0.00566], [0.02801, 0.02132, 0.00444, 0.00087, 0.00114, 0.10562, 0.01565, 0.00431, 0.53907, 0.0775, 0.01667, 0.00316, 0.0009, 0.10562, 0.01565, 0.00431, 0.02801, 0.02132, 0.00444, 0.00087, 0.00114], [0.02801, 0.10562, 0.02197, 0.00431, 0.00114, 0.02132, 0.01565, 0.00431, 0.10884, 0.38388, 0.08255, 0.01565, 0.00444, 0.02132, 0.01565, 0.00431, 0.02801, 0.10562, 0.02197, 0.00431, 0.00114], [0.00566, 0.02132, 0.02197, 0.02132, 0.00566, 0.02132, 0.0775, 0.02132, 0.02197, 0.0775, 0.40888, 0.0775, 0.02197, 0.02132, 0.0775, 0.02132, 0.00566, 0.02132, 0.02197, 0.02132, 0.00566], [0.00114, 0.00431, 0.02197, 0.10562, 0.02801, 0.00431, 0.01565, 0.02132, 0.00444, 0.01565, 0.08255, 0.38388, 0.10884, 0.00431, 0.01565, 0.02132, 0.00114, 0.00431, 0.02197, 0.10562, 0.02801], [0.00114, 0.00087, 0.00444, 0.02132, 0.02801, 0.00431, 0.01565, 0.10562, 0.0009, 0.00316, 0.01667, 0.0775, 0.53907, 0.00431, 0.01565, 0.10562, 0.00114, 0.00087, 0.00444, 0.02132, 0.02801], [0.00566, 0.00431, 0.0009, 0.00087, 0.00023, 0.02132, 0.00316, 0.00087, 0.10884, 0.01565, 0.01667, 0.00316, 0.00444, 0.52312, 0.0775, 0.02132, 0.13874, 0.02132, 0.02197, 0.00431, 0.00566], [0.00114, 0.00431, 0.00444, 0.00431, 0.00114, 0.00431, 0.01565, 0.00431, 0.02197, 0.01565, 0.08255, 0.01565, 0.02197, 0.10562, 0.38388, 0.10562, 0.02801, 0.02132, 0.10884, 0.02132, 0.02801], [0.00023, 0.00087, 0.0009, 0.00431, 0.00566, 0.00087, 0.00316, 0.02132, 0.00444, 0.00316, 0.01667, 0.01565, 0.10884, 0.02132, 0.0775, 0.52312, 0.00566, 0.00431, 0.02197, 0.02132, 0.13874], [0.00114, 0.00431, 0.0009, 0.00018, 5e-05, 0.00431, 0.00064, 0.00018, 0.02197, 0.01565, 0.00336, 0.00064, 0.0009, 0.10562, 0.01565, 0.00431, 0.68719, 0.10562, 0.02197, 0.00431, 0.00114], [0.00566, 0.02132, 0.00444, 0.00087, 0.00023, 0.00431, 0.00316, 0.00087, 0.02197, 0.0775, 0.01667, 0.00316, 0.0009, 0.02132, 0.01565, 0.00431, 0.13874, 0.52312, 0.10884, 0.02132, 0.00566], [0.00114, 0.00431, 0.0009, 0.00431, 0.00114, 0.00087, 0.00316, 0.00087, 0.00444, 0.01565, 0.01667, 0.01565, 0.00444, 0.02132, 0.0775, 0.02132, 0.02801, 0.10562, 0.53907, 0.10562, 0.02801], [0.00023, 0.00087, 0.00444, 0.02132, 0.00566, 0.00087, 0.00316, 0.00431, 0.0009, 0.00316, 0.01667, 0.0775, 0.02197, 0.00431, 0.01565, 0.02132, 0.00566, 0.02132, 0.10884, 0.52312, 0.13874], [5e-05, 0.00018, 0.0009, 0.00431, 0.00114, 0.00018, 0.00064, 0.00431, 0.0009, 0.00064, 0.00336, 0.01565, 0.02197, 0.00431, 0.01565, 0.10562, 0.00114, 0.00431, 0.02197, 0.10562, 0.68719]]