[[0.43674, 0.11599, 0.03494, 0.04852, 0.11599, 0.03203, 0.03494, 0.03035, 0.04852, 0.03203, 0.03035, 0.03962], [0.13154, 0.38511, 0.11599, 0.16108, 0.03494, 0.10634, 0.01052, 0.00914, 0.01461, 0.00965, 0.00914, 0.01193], [0.15143, 0.11599, 0.38511, 0.13992, 0.11599, 0.03203, 0.00914, 0.01052, 0.01269, 0.00291, 0.01052, 0.01374], [0.04561, 0.03494, 0.11599, 0.46456, 0.03494, 0.10634, 0.03035, 0.03494, 0.04214, 0.00965, 0.03494, 0.04561], [0.13154, 0.03494, 0.01052, 0.01461, 0.38511, 0.00965, 0.11599, 0.00914, 0.16108, 0.10634, 0.00914, 0.01193], [0.01374, 0.01052, 0.03494, 0.13992, 0.01052, 0.35308, 0.00914, 0.11599, 0.01269, 0.03203, 0.11599, 0.15143], [0.15143, 0.11599, 0.00914, 0.01269, 0.11599, 0.00291, 0.38511, 0.01052, 0.13992, 0.03203, 0.01052, 0.01374], [0.01193, 0.00914, 0.11599, 0.16108, 0.00914, 0.10634, 0.01052, 0.38511, 0.01461, 0.00965, 0.03494, 0.13154], [0.04561, 0.03494, 0.03035, 0.04214, 0.03494, 0.00965, 0.11599, 0.03494, 0.46456, 0.10634, 0.03494, 0.04561], [0.01374, 0.01052, 0.00914, 0.01269, 0.01052, 0.03203, 0.03494, 0.11599, 0.13992, 0.35308, 0.11599, 0.15143], [0.01193, 0.00914, 0.01052, 0.01461, 0.00914, 0.00965, 0.11599, 0.03494, 0.16108, 0.10634, 0.38511, 0.13154], [0.03962, 0.03035, 0.03494, 0.04852, 0.03035, 0.03203, 0.03494, 0.11599, 0.04852, 0.03203, 0.11599, 0.43674]]