[[0.4373, 0.17167, 0.06647, 0.02607, 0.01044, 0.00412, 0.17167, 0.00159, 0.06647, 0.00064, 0.02607, 0.00024, 0.01044, 0.0001, 0.00412, 0.00159, 0.00064, 0.00024, 0.0001, 4e-05], [0.17196, 0.43656, 0.16903, 0.06628, 0.02656, 0.01047, 0.06751, 0.00404, 0.02614, 0.00162, 0.01025, 0.00062, 0.00411, 0.00025, 0.00162, 0.00145, 0.00058, 0.00062, 0.00025, 0.0001], [0.06762, 0.17167, 0.42984, 0.16856, 0.06754, 0.02661, 0.02655, 0.01027, 0.01028, 0.00411, 0.00403, 0.00158, 0.00161, 0.00063, 0.00148, 0.00368, 0.00147, 0.00158, 0.00063, 0.00025], [0.02659, 0.06751, 0.16903, 0.42864, 0.17174, 0.06768, 0.01044, 0.02611, 0.00404, 0.01044, 0.00159, 0.00403, 0.00064, 0.00161, 0.00058, 0.00145, 0.00162, 0.00403, 0.00161, 0.00064], [0.01046, 0.02655, 0.06647, 0.16856, 0.43673, 0.17211, 0.00411, 0.0664, 0.00159, 0.02656, 0.00062, 0.01024, 0.00025, 0.0041, 0.00023, 0.00057, 0.00064, 0.00158, 0.00063, 0.00162], [0.00411, 0.01044, 0.02614, 0.06628, 0.17174, 0.43766, 0.00161, 0.16885, 0.00145, 0.06754, 0.00057, 0.02604, 0.00023, 0.01043, 9e-05, 0.00022, 0.00025, 0.00062, 0.00161, 0.00411], [0.17196, 0.06751, 0.02614, 0.01025, 0.00411, 0.00162, 0.43656, 0.00145, 0.16903, 0.00058, 0.06628, 0.00062, 0.02656, 0.00025, 0.01047, 0.00404, 0.00162, 0.00062, 0.00025, 0.0001], [0.00162, 0.00411, 0.01028, 0.02607, 0.06754, 0.17211, 0.00147, 0.42937, 0.00369, 0.17175, 0.00145, 0.06621, 0.00058, 0.02652, 0.00023, 0.00025, 0.00064, 0.00158, 0.0041, 0.01046], [0.06762, 0.02655, 0.01028, 0.00403, 0.00161, 0.00148, 0.17167, 0.00368, 0.42984, 0.00147, 0.16856, 0.00158, 0.06754, 0.00063, 0.02661, 0.01027, 0.00411, 0.00158, 0.00063, 0.00025], [0.00064, 0.00161, 0.00404, 0.01025, 0.02656, 0.06768, 0.00058, 0.16885, 0.00145, 0.43676, 0.00159, 0.16837, 0.00064, 0.06744, 0.00025, 0.00062, 0.00162, 0.00403, 0.01043, 0.0266], [0.02659, 0.01044, 0.00404, 0.00159, 0.00064, 0.00058, 0.06751, 0.00145, 0.16903, 0.00162, 0.42864, 0.00403, 0.17174, 0.00161, 0.06768, 0.02611, 0.01044, 0.00403, 0.00161, 0.00064], [0.00025, 0.00063, 0.00159, 0.00403, 0.01044, 0.02661, 0.00063, 0.0664, 0.00159, 0.17175, 0.00403, 0.42817, 0.00161, 0.17151, 0.00064, 0.00159, 0.00411, 0.01024, 0.02652, 0.06765], [0.01046, 0.00411, 0.00159, 0.00062, 0.00025, 0.00023, 0.02655, 0.00057, 0.06647, 0.00064, 0.16856, 0.00158, 0.43673, 0.00063, 0.17211, 0.0664, 0.02656, 0.01024, 0.0041, 0.00162], [0.0001, 0.00025, 0.00063, 0.00159, 0.00411, 0.01047, 0.00025, 0.02611, 0.00063, 0.06754, 0.00159, 0.16837, 0.00064, 0.43614, 0.00162, 0.00404, 0.01044, 0.02604, 0.06744, 0.17203], [0.00411, 0.00161, 0.00145, 0.00057, 0.00023, 9e-05, 0.01044, 0.00022, 0.02614, 0.00025, 0.06628, 0.00062, 0.17174, 0.00161, 0.43766, 0.16885, 0.06754, 0.02604, 0.01043, 0.00411], [0.00162, 0.00147, 0.00369, 0.00145, 0.00058, 0.00023, 0.00411, 0.00025, 0.01028, 0.00064, 0.02607, 0.00158, 0.06754, 0.0041, 0.17211, 0.42937, 0.17175, 0.06621, 0.02652, 0.01046], [0.00064, 0.00058, 0.00145, 0.00159, 0.00064, 0.00025, 0.00161, 0.00062, 0.00404, 0.00162, 0.01025, 0.00403, 0.02656, 0.01043, 0.06768, 0.16885, 0.43676, 0.16837, 0.06744, 0.0266], [0.00025, 0.00063, 0.00159, 0.00403, 0.00161, 0.00064, 0.00063, 0.00159, 0.00159, 0.00411, 0.00403, 0.01024, 0.01044, 0.02652, 0.02661, 0.0664, 0.17175, 0.42817, 0.17151, 0.06765], [0.0001, 0.00025, 0.00063, 0.00159, 0.00064, 0.00162, 0.00025, 0.00404, 0.00063, 0.01044, 0.00159, 0.02604, 0.00411, 0.06744, 0.01047, 0.02611, 0.06754, 0.16837, 0.43614, 0.17203], [4e-05, 0.0001, 0.00025, 0.00062, 0.00161, 0.00412, 0.0001, 0.01027, 0.00025, 0.02656, 0.00062, 0.06621, 0.00161, 0.17151, 0.00412, 0.01027, 0.02656, 0.06621, 0.17151, 0.43748]]